4.0000000000000886e-10	1.19375e-05
1.4000000000000047e-09	-4.44063e-05
2.4000000000000058e-09	-0.00012331242
3.4000000000000065e-09	-8.787502e-05
4.400000000000008e-09	-0.000111875
5.400000000000009e-09	-1.1781280000000002e-05
6.400000000000009e-09	-0.00012915626
7.400000000000005e-09	-3.5000000000000012e-06
8.4e-09	-9.01876e-05
9.400000000000008e-09	-0.00012528126
1.0400000000000009e-08	-0.00016665615999999998
1.1400000000000004e-08	-0.0002620314
1.2400000000000005e-08	-0.0002845
1.3400000000000006e-08	-0.0002664688
1.4400000000000007e-08	-0.0001881252
1.540000000000001e-08	-0.0002318752
1.6400000000000008e-08	-0.00010843760000000002
1.7400000000000004e-08	-7.968749999999999e-06
1.8400000000000006e-08	0.00011415646
1.9400000000000008e-08	3.8687449999999995e-05
2.0400000000000004e-08	-0.00011418761999999999
2.140000000000001e-08	-0.00016856260000000005
2.240000000000001e-08	-6.987498e-05
2.3400000000000004e-08	4.0218640000000004e-05
2.4400000000000007e-08	-0.00013631256
2.5400000000000012e-08	-0.00015878126
2.6400000000000005e-08	-6.365628000000001e-05
2.7400000000000004e-08	7.812503999999999e-05
2.840000000000001e-08	7.77188e-05
2.9400000000000005e-08	-0.00024337500000000002
3.040000000000001e-08	-0.0001473438
3.140000000000001e-08	-0.0001790312
3.24e-08	-9.209386e-05
3.340000000000001e-08	-0.0001800936
3.4400000000000004e-08	-0.0002826562
3.5400000000000006e-08	-0.0002035626
3.640000000000001e-08	-0.00023946880000000003
3.740000000000001e-08	1.971878e-05
3.8400000000000006e-08	-0.00019509399999999999
3.940000000000001e-08	-8.375e-06
4.0400000000000004e-08	-6.128130999999999e-05
4.140000000000001e-08	0.00013990646
4.2400000000000016e-08	-0.00015921866
4.34e-08	-0.00010143772
4.440000000000001e-08	0.0001734688
4.540000000000001e-08	0.0001566874
4.6400000000000005e-08	-0.00020878139999999998
4.74e-08	-6.234376e-05
4.84e-08	-0.0002358752
4.9400000000000006e-08	-0.00016774999999999998
5.040000000000001e-08	-5.5656149999999994e-05
5.140000000000001e-08	-0.0001817187
5.2400000000000006e-08	-3.0093709999999997e-05
5.340000000000001e-08	-3.2031200000000006e-05
5.440000000000001e-08	6.85313e-05
5.540000000000001e-08	-3.3437699999999954e-06
5.64e-08	-0.00011850006000000001
5.740000000000001e-08	-0.00015240626000000002
5.840000000000001e-08	-0.00013931246
5.94e-08	-0.000270875
6.040000000000001e-08	-0.00011981262
6.140000000000002e-08	-8.300005e-05
6.24e-08	-0.00010828126000000001
6.34e-08	8.27499e-05
6.440000000000001e-08	-0.0001244062
6.540000000000002e-08	-0.00034118779999999996
6.64e-08	-0.00016400016
6.740000000000001e-08	-0.00011218741999999998
6.840000000000002e-08	-0.0001529998
6.94e-08	-0.00024440620000000003
7.040000000000001e-08	-0.00017618756000000002
7.14e-08	-7.756268000000001e-05
7.240000000000001e-08	-9.653121999999999e-05
7.340000000000001e-08	-0.00015887519999999999
7.44e-08	-8.393755e-05
7.540000000000001e-08	-8.534372000000001e-05
7.640000000000001e-08	-0.00011856256
7.74e-08	-0.00016496864000000003
7.84e-08	-0.000328469
7.940000000000001e-08	-0.00015468779999999998
8.04e-08	4.828156e-05
8.14e-08	-8.768771e-05
8.240000000000001e-08	-9.571866e-05
8.34e-08	-0.0001479688
8.440000000000001e-08	-0.00011996889999999998
8.540000000000001e-08	-0.00011990660000000002
8.64e-08	-0.00021253119999999998
8.74e-08	-0.00023459400000000002
8.840000000000001e-08	1.2125139999999998e-05
8.94e-08	5.9687499999999994e-05
9.04e-08	0.00021156260000000003
9.140000000000001e-08	-3.0718840000000004e-05
9.240000000000002e-08	-0.00012550031999999998
9.34e-08	-0.0001076563
9.44e-08	-6.684378e-05
9.540000000000001e-08	-1.6468759999999998e-05
9.64e-08	-0.00012500016
9.740000000000001e-08	-0.00015440652
9.840000000000001e-08	-0.000313
9.940000000000002e-08	-0.00024737500000000004
1.004e-07	-0.00019046896
1.014e-07	-0.00010759386
1.024e-07	-0.0001833126
1.0340000000000001e-07	-0.0002992812
1.0440000000000001e-07	-0.0002339064
1.054e-07	4.031139999999999e-06
1.0640000000000001e-07	4.6625019999999996e-05
1.0740000000000002e-07	-0.00019709386
1.0840000000000002e-07	-0.000442625
1.094e-07	-0.000354625
1.1040000000000001e-07	-0.00029249999999999995
1.114e-07	-0.0002750626
1.124e-07	7.874999999999998e-06
1.1340000000000001e-07	-6.700013e-05
1.1440000000000002e-07	-0.00021059399999999998
1.1540000000000001e-07	-0.0002520626
1.164e-07	-0.00017300000000000003
1.174e-07	-0.0001512812
1.184e-07	-0.00029443760000000003
1.194e-07	-0.0002128126
1.2040000000000002e-07	-4.5125019999999994e-05
1.2140000000000002e-07	-8.24375e-05
1.224e-07	-0.00011621872000000001
1.234e-07	2.9062520000000003e-05
1.2440000000000003e-07	0.00019503140000000002
1.2540000000000002e-07	-0.00010159376
1.2640000000000002e-07	-0.0002210626
1.2740000000000004e-07	-0.0001150626
1.284e-07	-6.990641e-05
1.294e-07	-0.00014837519999999997
1.304e-07	-0.00010706256
1.314e-07	-0.00011996880000000002
1.3240000000000002e-07	0.00012537516
1.3340000000000002e-07	7.09687e-05
1.344e-07	-0.0001661875
1.354e-07	-0.0001898124
1.364e-07	-9.096882e-05
1.374e-07	-0.00013118786
1.3840000000000002e-07	-9.62812e-05
1.3940000000000002e-07	-0.00026065619999999997
1.404e-07	-0.0002807502
1.4140000000000004e-07	7.812500000000002e-06
1.424e-07	7.728131e-05
1.434e-07	-8.46563e-05
1.444e-07	-0.0002630626
1.454e-07	-0.0001324999
1.4640000000000001e-07	-5.312502e-05
1.474e-07	-0.0002115938
1.484e-07	-0.0001766564
1.494e-07	-0.000263469
1.504e-07	-0.0001039377
1.5140000000000002e-07	-0.00010381242000000002
1.5240000000000001e-07	1.61875e-05
1.534e-07	-0.00013331266
1.544e-07	-6.890622e-05
1.5540000000000003e-07	-0.00012296882000000002
1.5640000000000002e-07	-0.00029268779999999997
1.5740000000000002e-07	-0.0004993123999999999
1.5840000000000004e-07	-0.00037559359999999995
1.594e-07	-0.00048568759999999993
1.6040000000000964e-07	-0.0007913445999999999
1.614e-07	-0.001364376
1.624e-07	-0.0015833420000000002
1.6340000000000002e-07	-0.001704342
1.644e-07	-0.001891814
1.654e-07	-0.001943282
1.664e-07	-0.002031344
1.674e-07	-0.0019503139999999999
1.684e-07	-0.00161869
1.6940000000000002e-07	-0.0013540940000000001
1.7040000000000002e-07	-0.001499314
1.714e-07	-0.001263878
1.7240000000000003e-07	-0.0010912499999999998
1.7340000000000003e-07	-0.0009103124000000001
1.744e-07	-0.0008598438
1.7540000000000002e-07	-0.0008589064
1.764e-07	-0.0006425938
1.7740000000000001e-07	-0.0004959688
1.7839999999999998e-07	-0.0006048126
1.794e-07	-0.0004792812
1.804e-07	-0.0005084378
1.814e-07	-0.0005656876
1.824e-07	-0.0006439378000000001
1.8340000000000001e-07	-0.0005754064
1.844e-07	-0.000561375
1.854e-07	-0.00047240659999999996
1.8640000000000003e-07	-0.0003446247999999999
1.8740000000000002e-07	-0.0004685004
1.8840000000000002e-07	-0.0006344378
1.8940000000000004e-07	-0.0004605624
1.904e-07	-0.00021134379999999996
1.9139999999999998e-07	-0.0003472188
1.924e-07	-0.0004164376
1.934e-07	-0.00036959359999999997
1.944e-07	-0.00035040639999999997
1.954e-07	-0.00039434379999999996
1.964e-07	-0.0005416878
1.974e-07	-0.0004925935999999999
1.984e-07	-0.0005249063999999999
1.994e-07	-0.000300125
2.0040000000000002e-07	-0.0003241874
2.0140000000000002e-07	-0.00027043740000000003
2.024e-07	-0.0002655628
2.0340000000000003e-07	-0.00019950000000000002
2.0440000000000003e-07	-0.00037975
2.0540000000000003e-07	-0.00034721899999999996
2.0640000000000005e-07	-0.000371344
2.074e-07	-0.00012603155999999998
2.0839999999999999e-07	-4.393746000000001e-05
2.0939999999999998e-07	-0.0001819375
2.104e-07	-0.00052075
2.114e-07	-0.000346875
2.124e-07	-0.0003831562
2.134e-07	-0.00038759380000000004
2.1440000000000001e-07	-0.00043931279999999997
2.154e-07	-0.0003396874
2.164e-07	-0.00039809360000000007
2.1740000000000003e-07	-0.0005122815999999998
2.1840000000000002e-07	-0.00040425039999999996
2.1940000000000002e-07	-0.0004400938
2.2040000000000004e-07	-0.00042378139999999995
2.2139999999999998e-07	-0.00047500019999999996
2.2240000000000003e-07	-0.0004591563999999999
2.2340000000000005e-07	-0.0004966564
2.244e-07	-0.00031200000000000005
2.254e-07	-7.865635999999998e-05
2.264e-07	-0.0001213749
2.274e-07	-0.0001691252
2.284e-07	4.6406199999999996e-05
2.294e-07	-8.787494e-05
2.304e-07	0.00012562506
2.3140000000000002e-07	-5.946866e-05
2.3240000000000002e-07	-0.00021696900000000002
2.334e-07	-0.00010168773999999999
2.3440000000000003e-07	-0.00013243762
2.3540000000000003e-07	-0.0001834688
2.3640000000000003e-07	-0.0003431876
2.3740000000000005e-07	-0.0004303124
2.384e-07	-0.00040675020000000006
2.394e-07	-0.0002283752
2.404e-07	-0.0003153126
2.4140000000000003e-07	-0.0001580625
2.424e-07	0.00010362521000000001
2.4339999999999997e-07	7.868766e-05
2.444e-07	-0.00010246885999999999
2.454e-07	-0.0001809689
2.464e-07	-0.00015734385999999998
2.474e-07	-9.990610000000001e-05
2.4840000000000003e-07	-0.0002244376
2.494e-07	-9.846860000000001e-05
2.504e-07	-0.0002323438
2.5140000000000004e-07	-0.0001848752
2.524e-07	-0.00012146881999999999
2.534e-07	-0.00011728136
2.5440000000000005e-07	-0.00011743754
2.554e-07	-1.8812519999999998e-05
2.564e-07	0.0001678751
2.574e-07	1.5062500000000002e-05
2.5840000000000004e-07	-0.00011953112
2.594e-07	-0.00025653119999999996
2.604e-07	-0.0003995312
2.614e-07	-0.00014771871
2.624e-07	-0.0002175001
2.634e-07	-0.00022475
2.644e-07	-0.00015190640000000002
2.6540000000000003e-07	-0.0001716562
2.664e-07	-0.0001973752
2.674e-07	-6.812496000000001e-05
2.6840000000000005e-07	-7.940642e-05
2.694e-07	-2.240631e-05
2.704e-07	-0.00015003132
2.7140000000000006e-07	-0.0003317814
2.7240000000000003e-07	-0.0003587498
2.734e-07	-8.234371e-05
2.7439999999999997e-07	8.575e-05
2.754e-07	-5.331249e-05
2.764e-07	-0.0001131876
2.774e-07	-0.00011071886
2.784e-07	-0.0002489064
2.7940000000000003e-07	-0.00020346879999999997
2.804e-07	-0.00027090619999999997
2.814e-07	-9.218752e-05
2.8240000000000004e-07	-0.00015556259999999997
2.834e-07	-0.0002350628
2.844e-07	-0.00037278120000000005
2.854e-07	-0.00023968779999999999
2.864e-07	-0.000163844
2.874e-07	-0.00022590599999999997
2.8840000000000007e-07	-0.00018053119999999998
2.8940000000000004e-07	-8.159381999999999e-05
2.904e-07	0.0001303439
2.914e-07	-9.4063e-06
2.924e-07	-0.0001082813
2.934e-07	-0.00030118740000000004
2.944e-07	-0.0003607188
2.954e-07	-0.00016809396
2.9640000000000003e-07	-0.00022506279999999997
2.974e-07	-0.0003787812
2.9839999999999997e-07	-0.00034368759999999995
2.9940000000000005e-07	2.9406309999999997e-05
3.004e-07	0.00012687505
3.014e-07	-8.203136e-05
3.024e-07	-0.00014556280000000002
3.0340000000000003e-07	-0.00010446866
3.044e-07	8.750005e-05
3.0539999999999997e-07	0.00016628115
3.0640000000000004e-07	-0.00011846871999999999
3.074e-07	-0.000287875
3.084e-07	-0.0003145938
3.094e-07	-0.00011128125999999998
3.1040000000000003e-07	-0.0003485004
3.114e-07	-0.0002433128
3.124e-07	-0.00035675020000000004
3.1340000000000004e-07	-0.00037937520000000006
3.144e-07	-0.00012934385999999998
3.154e-07	-0.00015781265
3.1640000000000005e-07	-2.2718769999999995e-05
3.174e-07	7.696887999999999e-05
3.184e-07	9.134389999999999e-05
3.194e-07	1.5624399999999971e-06
3.2040000000000004e-07	-0.0001810624
3.214e-07	-0.0002945626
3.224e-07	-0.0002963752
3.234e-07	-0.00016987500000000002
3.244e-07	-0.0001358126
3.254e-07	-5.259378e-05
3.264e-07	-0.00011537494000000001
3.2740000000000003e-07	-4.415636e-05
3.284e-07	-7.640626000000002e-05
3.294e-07	-4.234386e-05
3.304e-07	0.00014350009999999997
3.314e-07	0.00012531272
3.324e-07	4.518758e-05
3.3340000000000006e-07	-0.0001902812
3.3440000000000003e-07	-0.000283625
3.354e-07	-0.00011043755999999998
3.3639999999999997e-07	-5.112504e-05
3.3740000000000004e-07	-9.643755e-05
3.384e-07	-0.00024225
3.394e-07	-3.656250000000001e-05
3.404e-07	2.6531259999999995e-05
3.414e-07	5.3375159999999994e-05
3.424e-07	3.209376e-05
3.434e-07	2.496875e-05
3.4440000000000004e-07	-7.178137000000001e-05
3.454e-07	-0.00016243760000000002
3.4640000000000003e-07	-0.0002996874
3.474e-07	-0.0002660314
3.484e-07	-7.209372e-05
3.494e-07	-0.0001561562
3.5040000000000007e-07	-0.00020725019999999998
3.514e-07	-0.00020346859999999999
3.524e-07	1.4562480000000002e-05
3.534e-07	-3.081252e-05
3.544e-07	-9.628128e-05
3.554e-07	-4.3812560000000005e-05
3.564e-07	-0.0001335001
3.574e-07	-0.00016678140000000002
3.5840000000000003e-07	-0.0003395312
3.594e-07	-0.0003481564
3.6039999999999997e-07	-0.000246219
3.6140000000000005e-07	-8.428116e-05
3.624e-07	-0.0002915
3.634e-07	-0.0003637188
3.644e-07	-0.00037596879999999996
3.6540000000000003e-07	-3.628127999999999e-05
3.664e-07	1.1718759999999998e-05
3.674000000000001e-07	-0.0001110313
3.684e-07	-0.00025875
3.694e-07	-0.000319625
3.704e-07	-0.00037400000000000004
3.714e-07	-0.00041546879999999995
3.724e-07	-0.0003208752
3.734e-07	-0.0003214064
3.744e-07	-0.00019409366000000002
3.7540000000000004e-07	-9.387492000000001e-05
3.764e-07	-4.3374979999999996e-05
3.774e-07	-0.00024740639999999996
3.7840000000000005e-07	-0.00012593756
3.794e-07	-1.6562500000000003e-05
3.804e-07	-0.00014340636
3.814e-07	-0.00016812479999999997
3.8240000000000004e-07	-0.0001843438
3.834e-07	-7.637504e-05
3.844000000000001e-07	-0.0002067812
3.854e-07	-0.0003151874
3.8639999999999997e-07	-0.0003817814
3.874e-07	-0.0002884688
3.8840000000000006e-07	-0.00011843769999999997
3.8940000000000003e-07	-2.015626e-05
3.904e-07	-0.00032959360000000003
3.914e-07	-0.0002546564
3.924e-07	-7.656258e-05
3.934e-07	-0.00013587512000000002
3.944e-07	-0.00022815639999999998
3.9540000000000006e-07	-0.00020228139999999998
3.9640000000000003e-07	-0.00014184376
3.9739999999999995e-07	-0.00011740626
3.9839999999999997e-07	-0.00010440656
3.9940000000000004e-07	-0.00014975026
