0.0	0.00196875
1.0000000000000751e-09	0.00204688
1.9999999999999385e-09	3.125e-05
3.0000000000000136e-09	-0.000960938
3.999999999999877e-09	-0.00202344
4.999999999999952e-09	0.00398438
6.000000000000027e-09	0.000992188
6.999999999999891e-09	0.00199219
8.000000000000178e-09	0.0
8.999999999999829e-09	0.00096875
9.999999999999904e-09	0.000992188
1.099999999999998e-08	0.001
1.2000000000000055e-08	-0.00200781
1.300000000000013e-08	-0.002
1.3999999999999781e-08	-0.00300781
1.4999999999999856e-08	-0.001
1.599999999999993e-08	0.00203906
1.7000000000000007e-08	0.002
1.8000000000000082e-08	-0.00200781
1.9000000000000157e-08	0.00100781
1.999999999999981e-08	-3.125e-05
2.0999999999999884e-08	-0.00199219
2.199999999999996e-08	-0.000984375
2.3000000000000034e-08	0.00199219
2.400000000000011e-08	0.002
2.5000000000000184e-08	0.00205469
2.5999999999999836e-08	-0.00198438
2.699999999999991e-08	-5.46875e-05
2.7999999999999986e-08	0.001
2.900000000000006e-08	0.00101563
3.0000000000000136e-08	-0.000992188
3.099999999999979e-08	-0.00103125
3.199999999999986e-08	-0.000984375
3.299999999999994e-08	-0.00300781
3.400000000000001e-08	-1.5625e-05
3.500000000000009e-08	0.001
3.6000000000000164e-08	0.00100781
3.6999999999999815e-08	4.6875e-05
3.799999999999989e-08	-0.001
3.8999999999999965e-08	-0.002
4.000000000000004e-08	2.34375e-05
4.1000000000000116e-08	0.00199219
4.200000000000019e-08	0.000984375
4.299999999999984e-08	-0.001
4.399999999999992e-08	0.00300781
4.499999999999999e-08	-2.34375e-05
4.600000000000007e-08	0.0020625
4.700000000000014e-08	0.000976563
4.7999999999999795e-08	-0.001
4.899999999999987e-08	2.34375e-05
4.9999999999999945e-08	-0.00197656
5.100000000000002e-08	-0.000976563
5.2000000000000095e-08	-0.001
5.300000000000017e-08	1.5625e-05
5.399999999999982e-08	-3.125e-05
5.49999999999999e-08	-0.00100781
5.599999999999997e-08	-0.00207031
5.700000000000005e-08	-0.00502344
5.800000000000012e-08	-0.00505469
5.8999999999999774e-08	-0.00701563
5.999999999999985e-08	-0.0111953
6.099999999999992e-08	-0.0200234
6.2e-08	-0.024125
6.300000000000007e-08	-0.027
6.400000000000015e-08	-0.033
6.49999999999998e-08	-0.0329922
6.599999999999988e-08	-0.0370156
6.699999999999995e-08	-0.0369844
6.800000000000003e-08	-0.0380156
6.90000000000001e-08	-0.0330156
7.000000000000018e-08	-0.031
7.099999999999983e-08	-0.0260703
7.19999999999999e-08	-0.0239844
7.299999999999998e-08	-0.022
7.400000000000005e-08	-0.0209922
7.500000000000013e-08	-0.0190234
7.599999999999978e-08	-0.0180703
7.699999999999986e-08	-0.0160156
7.799999999999993e-08	-0.015
7.9e-08	-0.0139687
8.000000000000008e-08	-0.0160156
8.100000000000016e-08	-0.0111172
8.199999999999981e-08	-0.0100313
8.299999999999988e-08	-0.0119844
8.399999999999996e-08	-0.0109766
8.500000000000003e-08	-0.009
8.600000000000011e-08	-0.00697656
8.700000000000018e-08	-0.006
8.799999999999984e-08	-0.008
8.899999999999991e-08	-0.00603906
8.999999999999999e-08	-0.0069375
9.100000000000006e-08	-0.00805469
9.200000000000014e-08	-0.0121562
9.299999999999979e-08	-0.0150078
9.399999999999986e-08	-0.0150547
9.499999999999994e-08	-0.0191875
9.600000000000001e-08	-0.0251172
9.700000000000009e-08	-0.0281953
9.800000000000016e-08	-0.0352578
9.899999999999981e-08	-0.0400469
9.999999999999989e-08	-0.0472266
1.0099999999999996e-07	-0.0550859
1.0200000000000004e-07	-0.0630469
1.0300000000000011e-07	-0.067
1.0400000000000019e-07	-0.0710234
1.0499999999999984e-07	-0.072
1.0599999999999992e-07	-0.0720156
1.0699999999999999e-07	-0.074
1.0800000000000007e-07	-0.0729297
1.0900000000000014e-07	-0.0689922
1.099999999999998e-07	-0.0750625
1.1099999999999987e-07	-0.0760234
1.1199999999999994e-07	-0.0780391
1.1300000000000002e-07	-0.08
1.140000000000001e-07	-0.0779922
1.1500000000000017e-07	-0.0770234
1.1599999999999982e-07	-0.0730625
1.1700000000000032e-07	-0.0700312
1.1799999999999997e-07	-0.0659531
1.1900000000000005e-07	-0.0579609
1.2000000000000012e-07	-0.052
1.2099999999999977e-07	-0.0460391
1.2199999999999985e-07	-0.0419922
1.2299999999999992e-07	-0.0379844
1.24e-07	-0.0379063
1.2500000000000007e-07	-0.0319609
1.2600000000000015e-07	-0.0269219
1.269999999999998e-07	-0.0270078
1.2799999999999988e-07	-0.0250234
1.2899999999999995e-07	-0.0220391
1.3000000000000003e-07	-0.0219844
1.310000000000001e-07	-0.0199922
1.3200000000000018e-07	-0.0210469
1.3299999999999983e-07	-0.0209766
1.339999999999999e-07	-0.0210469
1.3499999999999998e-07	-0.0260625
1.3600000000000005e-07	-0.0290078
1.3700000000000013e-07	-0.0299844
1.3799999999999978e-07	-0.0362891
1.3899999999999986e-07	-0.0440391
1.3999999999999993e-07	-0.0459766
1.41e-07	-0.0490234
1.4200000000000008e-07	-0.0519844
1.4300000000000016e-07	-0.0510078
1.439999999999998e-07	-0.054
1.4499999999999988e-07	-0.0560078
1.4599999999999996e-07	-0.0560078
1.4700000000000003e-07	-0.0590078
1.4800000000000053e-07	-0.0589922
1.4900000000000018e-07	-0.0639453
1.4999999999999983e-07	-0.0679688
1.509999999999999e-07	-0.072
1.5199999999999998e-07	-0.0760703
1.5300000000000006e-07	-0.0800234
1.5400000000000013e-07	-0.0830547
1.5499999999999979e-07	-0.0916094
1.5599999999999944e-07	-0.0988359
1.5699999999999994e-07	-0.103937
1.58e-07	-0.113
1.590000000000001e-07	-0.116992
1.6000000000000016e-07	-0.119008
1.6099999999999981e-07	-0.118977
1.619999999999999e-07	-0.123
1.6299999999999996e-07	-0.119016
1.6400000000000004e-07	-0.12
1.6500000000000011e-07	-0.115
1.660000000000002e-07	-0.106945
1.6699999999999984e-07	-0.100992
1.6799999999999992e-07	-0.0920391
1.69e-07	-0.0832813
1.7000000000000007e-07	-0.0798203
1.7100000000000014e-07	-0.0709531
1.719999999999998e-07	-0.0679297
1.7299999999999987e-07	-0.0669922
1.7399999999999994e-07	-0.0660078
1.7500000000000002e-07	-0.0670391
1.760000000000001e-07	-0.066875
1.7700000000000017e-07	-0.0619453
1.7799999999999982e-07	-0.0620469
1.789999999999999e-07	-0.0619766
1.7999999999999997e-07	-0.0559531
1.8100000000000005e-07	-0.054
1.8200000000000012e-07	-0.0579844
1.8299999999999977e-07	-0.059
1.8399999999999985e-07	-0.064
1.8499999999999992e-07	-0.0719219
1.86e-07	-0.0850313
1.8699999999999965e-07	-0.0938828
1.8800000000000015e-07	-0.115
1.889999999999998e-07	-0.130922
1.8999999999999987e-07	-0.146
1.9099999999999995e-07	-0.167008
1.9200000000000003e-07	-0.182
1.930000000000001e-07	-0.203977
1.9400000000000018e-07	-0.221
1.9499999999999983e-07	-0.237352
1.959999999999999e-07	-0.248828
1.9699999999999998e-07	-0.259734
1.9800000000000005e-07	-0.264023
1.9900000000000013e-07	-0.264883
1.9999999999999978e-07	-0.268992
2.0099999999999985e-07	-0.264125
2.0199999999999993e-07	-0.257063
2.03e-07	-0.24807
2.0400000000000008e-07	-0.238922
2.0500000000000015e-07	-0.227984
2.059999999999998e-07	-0.223
2.0699999999999988e-07	-0.212383
2.0799999999999996e-07	-0.203297
2.0900000000000003e-07	-0.197
2.100000000000001e-07	-0.188977
2.1100000000000018e-07	-0.185
2.1199999999999983e-07	-0.186031
2.129999999999999e-07	-0.187
2.1399999999999998e-07	-0.184992
2.1500000000000006e-07	-0.186
2.1600000000000013e-07	-0.184875
2.1699999999999979e-07	-0.178961
2.1799999999999986e-07	-0.175016
2.1899999999999994e-07	-0.169992
2.2e-07	-0.163945
2.2100000000000009e-07	-0.155008
2.2200000000000016e-07	-0.151039
2.229999999999998e-07	-0.146133
2.239999999999999e-07	-0.143039
2.2499999999999996e-07	-0.139063
2.2600000000000004e-07	-0.139023
2.2700000000000011e-07	-0.144961
2.280000000000002e-07	-0.152008
2.2899999999999984e-07	-0.166516
2.2999999999999992e-07	-0.183984
2.31e-07	-0.204844
2.3200000000000007e-07	-0.222852
2.3300000000000014e-07	-0.242563
2.339999999999998e-07	-0.251961
2.3499999999999987e-07	-0.257828
2.3599999999999994e-07	-0.258
2.3700000000000002e-07	-0.253047
2.380000000000001e-07	-0.235984
2.3900000000000017e-07	-0.225008
2.399999999999998e-07	-0.206891
2.409999999999999e-07	-0.196
2.4199999999999997e-07	-0.185836
2.4300000000000005e-07	-0.175922
2.440000000000001e-07	-0.168758
2.4499999999999977e-07	-0.166031
2.4599999999999985e-07	-0.167016
2.469999999999999e-07	-0.165109
2.48e-07	-0.163047
2.4900000000000007e-07	-0.162945
2.5000000000000015e-07	-0.159805
2.509999999999998e-07	-0.154891
2.519999999999999e-07	-0.146727
2.5299999999999995e-07	-0.139
2.54e-07	-0.137844
2.550000000000001e-07	-0.12782
2.560000000000002e-07	-0.12082
2.5700000000000025e-07	-0.116969
2.579999999999999e-07	-0.108742
2.59e-07	-0.101
2.6000000000000005e-07	-0.0978828
2.6100000000000013e-07	-0.095
2.619999999999998e-07	-0.093
2.6299999999999985e-07	-0.0939375
2.6399999999999993e-07	-0.102047
2.65e-07	-0.104914
2.660000000000001e-07	-0.112961
2.6700000000000015e-07	-0.115016
2.679999999999998e-07	-0.117008
2.689999999999999e-07	-0.116008
2.6999999999999996e-07	-0.115992
2.7100000000000003e-07	-0.113016
2.720000000000001e-07	-0.111992
2.730000000000002e-07	-0.111016
2.7399999999999983e-07	-0.110055
2.749999999999999e-07	-0.109
2.76e-07	-0.109
2.7700000000000006e-07	-0.107055
2.7800000000000013e-07	-0.103039
2.789999999999998e-07	-0.0981797
2.7999999999999986e-07	-0.0920078
2.8099999999999994e-07	-0.0889922
2.82e-07	-0.0829375
2.830000000000001e-07	-0.078
2.8400000000000016e-07	-0.076
2.849999999999998e-07	-0.0740156
2.859999999999999e-07	-0.0719922
2.8699999999999996e-07	-0.0710859
2.879999999999996e-07	-0.0681094
2.890000000000001e-07	-0.0680156
2.900000000000002e-07	-0.0679063
2.9099999999999984e-07	-0.0639453
2.919999999999999e-07	-0.0618828
2.93e-07	-0.0579219
2.9400000000000007e-07	-0.0569219
2.9500000000000014e-07	-0.052875
2.959999999999998e-07	-0.0497969
2.9699999999999987e-07	-0.0439766
2.9799999999999994e-07	-0.0439375
2.99e-07	-0.0379297
3.000000000000001e-07	-0.0360234
3.0100000000000017e-07	-0.038
3.019999999999998e-07	-0.0379922
3.029999999999999e-07	-0.0350156
3.0399999999999997e-07	-0.0340234
3.0500000000000004e-07	-0.035
3.060000000000001e-07	-0.0329687
3.0699999999999977e-07	-0.0319922
3.0799999999999985e-07	-0.033
3.089999999999999e-07	-0.0319922
3.1e-07	-0.034
3.1100000000000007e-07	-0.0310156
3.1200000000000015e-07	-0.0310156
3.129999999999998e-07	-0.0349766
3.139999999999999e-07	-0.0350078
3.1499999999999995e-07	-0.0369844
3.16e-07	-0.0400312
3.170000000000001e-07	-0.0440234
3.180000000000002e-07	-0.045
3.189999999999998e-07	-0.0479453
3.199999999999999e-07	-0.0509766
3.21e-07	-0.0480078
3.2200000000000005e-07	-0.0520234
3.230000000000001e-07	-0.0469531
3.239999999999998e-07	-0.0429609
3.2499999999999985e-07	-0.0430156
3.2599999999999993e-07	-0.0390313
3.27e-07	-0.0350859
3.280000000000001e-07	-0.0329531
3.2900000000000015e-07	-0.0300234
3.299999999999998e-07	-0.0319219
3.309999999999999e-07	-0.0269922
3.3199999999999996e-07	-0.0300234
3.3300000000000003e-07	-0.0269609
3.340000000000001e-07	-0.0270469
3.350000000000002e-07	-0.0289922
3.3599999999999983e-07	-0.0259844
3.369999999999999e-07	-0.0280078
3.38e-07	-0.027
3.3900000000000006e-07	-0.028
3.4000000000000013e-07	-0.0269844
3.409999999999998e-07	-0.0269844
3.4199999999999986e-07	-0.029
3.4299999999999993e-07	-0.029
3.44e-07	-0.029
3.450000000000001e-07	-0.0260391
3.4600000000000016e-07	-0.0240391
3.469999999999998e-07	-0.0279922
3.479999999999999e-07	-0.0230313
3.4899999999999996e-07	-0.0209688
3.5000000000000004e-07	-0.023
3.510000000000001e-07	-0.0200234
3.520000000000002e-07	-0.0190078
3.5299999999999984e-07	-0.0189922
3.539999999999999e-07	-0.0190625
3.55e-07	-0.0170078
3.5600000000000006e-07	-0.019
3.5700000000000014e-07	-0.0209922
3.580000000000002e-07	-0.0189766
3.5899999999999987e-07	-0.0140078
3.5999999999999994e-07	-0.016
3.61e-07	-0.016
3.620000000000001e-07	-0.0160312
3.6300000000000017e-07	-0.018
3.639999999999998e-07	-0.0159453
3.649999999999999e-07	-0.0129766
3.6599999999999997e-07	-0.016
3.6700000000000004e-07	-0.0121328
3.680000000000001e-07	-0.0140859
3.6899999999999977e-07	-0.0160078
3.6999999999999985e-07	-0.0149531
3.709999999999999e-07	-0.0119844
3.72e-07	-0.0130234
3.7300000000000007e-07	-0.0140313
3.7400000000000015e-07	-0.0160469
3.749999999999998e-07	-0.0160391
3.7599999999999987e-07	-0.0210781
3.7699999999999995e-07	-0.0250469
3.78e-07	-0.0330156
3.790000000000001e-07	-0.038
3.8000000000000017e-07	-0.0439844
3.809999999999998e-07	-0.0429844
3.819999999999999e-07	-0.05
3.83e-07	-0.0510078
3.8400000000000005e-07	-0.0480234
3.850000000000001e-07	-0.0479922
3.859999999999998e-07	-0.05
3.8699999999999985e-07	-0.0440781
3.8799999999999993e-07	-0.042
3.890000000000004e-07	-0.0439766
3.900000000000001e-07	-0.0449922
3.9100000000000015e-07	-0.0439922
3.919999999999998e-07	-0.044
3.929999999999999e-07	-0.040125
3.9399999999999995e-07	-0.0390234
3.9500000000000003e-07	-0.0360781
3.960000000000001e-07	-0.0340313
3.970000000000002e-07	-0.0310391
3.9799999999999983e-07	-0.0310703
3.989999999999999e-07	-0.0240703
4e-07	-0.0240156
4.0100000000000006e-07	-0.0210234
4.0200000000000013e-07	-0.0179922
4.029999999999998e-07	-0.0179922
4.0399999999999986e-07	-0.017
4.0499999999999993e-07	-0.0170547
4.06e-07	-0.0131641
4.070000000000001e-07	-0.012
4.0800000000000016e-07	-0.0140078
4.089999999999998e-07	-0.012
4.099999999999999e-07	-0.0120156
4.1099999999999996e-07	-0.012
4.1200000000000004e-07	-0.0109766
4.130000000000001e-07	-0.01
4.140000000000002e-07	-0.0109844
4.1499999999999984e-07	-0.00799219
4.159999999999999e-07	-0.00804688
4.17e-07	-0.0110234
4.1800000000000006e-07	-0.00599219
4.1900000000000014e-07	-0.00896875
4.199999999999998e-07	-0.00801563
4.2099999999999987e-07	-0.00596094
4.2199999999999994e-07	-0.00996094
4.23e-07	-0.0100234
4.240000000000001e-07	-0.00899219
4.2500000000000017e-07	-0.00796875
4.259999999999998e-07	-0.0110078
4.269999999999999e-07	-0.00805469
4.2799999999999954e-07	-0.00996094
4.2900000000000004e-07	-0.0120313
4.300000000000001e-07	-0.009
4.3099999999999977e-07	-0.0119687
4.3199999999999984e-07	-0.00905469
4.329999999999999e-07	-0.00785938
4.34e-07	-0.011
4.3500000000000007e-07	-0.00902344
4.3600000000000015e-07	-0.00699219
4.369999999999998e-07	-0.00599219
4.3799999999999987e-07	-0.007
4.3899999999999995e-07	-0.006
4.4e-07	-0.00801563
4.410000000000001e-07	-0.00698437
4.4200000000000017e-07	-0.00701563
4.429999999999998e-07	-0.007
4.439999999999999e-07	-0.00700781
4.45e-07	-0.00798438
4.4600000000000005e-07	-0.00802344
4.470000000000001e-07	-0.00696094
4.479999999999998e-07	-0.00496875
4.4899999999999985e-07	-0.00604688
4.4999999999999993e-07	-0.00696094
4.51e-07	-0.00396875
4.520000000000001e-07	-0.00402344
4.5300000000000015e-07	-0.00502344
4.539999999999998e-07	-0.00495313
4.549999999999999e-07	-0.003
4.5599999999999995e-07	-0.00503125
4.5700000000000003e-07	-0.00500781
4.580000000000001e-07	-0.00496094
4.5899999999999976e-07	-0.002
4.5999999999999983e-07	-0.003
4.609999999999999e-07	-0.00198438
4.62e-07	-0.004
4.6300000000000006e-07	-0.00100781
4.6400000000000013e-07	-0.00399219
4.649999999999998e-07	-0.004
4.6599999999999986e-07	-0.00699219
4.6699999999999993e-07	-0.00702344
4.68e-07	-0.00701563
4.690000000000001e-07	-0.00997656
4.7000000000000016e-07	-0.0130156
4.709999999999998e-07	-0.0129922
4.719999999999999e-07	-0.0149453
4.7299999999999996e-07	-0.015
4.7400000000000004e-07	-0.016
4.750000000000001e-07	-0.0160156
4.760000000000002e-07	-0.0150078
4.769999999999998e-07	-0.0150391
4.779999999999999e-07	-0.0130078
4.79e-07	-0.017
4.800000000000001e-07	-0.018
4.810000000000001e-07	-0.024
4.819999999999998e-07	-0.0340625
4.829999999999999e-07	-0.0409219
4.839999999999999e-07	-0.0539609
4.85e-07	-0.066625
4.860000000000001e-07	-0.07475
4.870000000000002e-07	-0.0801797
4.879999999999998e-07	-0.0850234
4.889999999999999e-07	-0.0809141
4.9e-07	-0.0768516
4.91e-07	-0.0708047
4.920000000000001e-07	-0.06275
4.929999999999998e-07	-0.0547969
4.939999999999998e-07	-0.0518516
4.949999999999999e-07	-0.0459609
4.96e-07	-0.0409141
4.970000000000001e-07	-0.0389844
4.980000000000001e-07	-0.0359922
4.989999999999998e-07	-0.036
4.999999999999999e-07	-0.0349922
5.009999999999999e-07	-0.0340078
5.02e-07	-0.0339922
5.030000000000001e-07	-0.032
5.040000000000002e-07	-0.0320078
5.049999999999998e-07	-0.0319922
5.059999999999999e-07	-0.0330156
5.07e-07	-0.0320156
5.08e-07	-0.0289844
5.090000000000001e-07	-0.0280156
5.099999999999998e-07	-0.0249922
5.109999999999999e-07	-0.0250156
5.119999999999999e-07	-0.0220156
5.13e-07	-0.0230078
5.140000000000001e-07	-0.0199922
5.150000000000002e-07	-0.021
5.159999999999998e-07	-0.021
5.169999999999999e-07	-0.0229453
5.18e-07	-0.0310234
5.19e-07	-0.0360391
5.200000000000001e-07	-0.041125
5.210000000000002e-07	-0.0430156
5.219999999999998e-07	-0.0480703
5.229999999999999e-07	-0.047
5.24e-07	-0.0490078
5.250000000000001e-07	-0.0451641
5.260000000000001e-07	-0.0419297
5.269999999999998e-07	-0.0369766
5.279999999999999e-07	-0.0348594
5.289999999999995e-07	-0.0299844
5.3e-07	-0.0299922
5.310000000000001e-07	-0.0259375
5.320000000000002e-07	-0.0219844
5.329999999999998e-07	-0.022
5.339999999999999e-07	-0.0178828
5.35e-07	-0.0180078
5.36e-07	-0.0200078
5.370000000000001e-07	-0.0159688
5.380000000000002e-07	-0.0119922
5.389999999999998e-07	-0.0129297
5.399999999999999e-07	-0.016
5.41e-07	-0.0100703
5.420000000000001e-07	-0.00903125
5.430000000000001e-07	-0.00900781
5.439999999999998e-07	-0.00698437
5.449999999999999e-07	-0.00794531
5.459999999999999e-07	-0.0110078
5.47e-07	-0.00702344
5.480000000000001e-07	-0.00803125
5.490000000000002e-07	-0.00800781
5.499999999999998e-07	-0.00801563
5.509999999999999e-07	-0.0080625
5.52e-07	-0.00509375
5.53e-07	-0.00496875
5.540000000000001e-07	-0.008
5.549999999999998e-07	-0.00800781
5.559999999999998e-07	-0.0100156
5.569999999999999e-07	-0.0119922
5.58e-07	-0.016
5.590000000000001e-07	-0.0179688
5.600000000000006e-07	-0.0240625
5.609999999999998e-07	-0.025
5.619999999999999e-07	-0.0280078
5.629999999999999e-07	-0.0270078
5.64e-07	-0.0279922
5.650000000000001e-07	-0.0262031
5.660000000000002e-07	-0.0239844
5.669999999999998e-07	-0.0239844
5.679999999999999e-07	-0.019875
5.69e-07	-0.0159844
5.7e-07	-0.0170391
5.710000000000001e-07	-0.0190234
5.719999999999998e-07	-0.0200859
5.729999999999999e-07	-0.0230859
5.739999999999999e-07	-0.0291172
5.75e-07	-0.0340234
5.760000000000001e-07	-0.0349922
5.770000000000002e-07	-0.037
5.779999999999998e-07	-0.038
5.789999999999999e-07	-0.0370313
5.8e-07	-0.034
5.81e-07	-0.0330156
5.820000000000001e-07	-0.0310156
5.830000000000002e-07	-0.0290078
5.839999999999998e-07	-0.03
5.849999999999999e-07	-0.0260391
5.86e-07	-0.024
5.870000000000001e-07	-0.0210078
5.880000000000001e-07	-0.0200078
5.889999999999998e-07	-0.0189844
5.899999999999999e-07	-0.019
5.909999999999999e-07	-0.0140625
5.92e-07	-0.016
5.930000000000001e-07	-0.0121016
5.940000000000002e-07	-0.011
5.949999999999998e-07	-0.0100391
5.959999999999999e-07	-0.01
5.97e-07	-0.00903125
5.98e-07	-0.00701563
5.990000000000001e-07	-0.006
6.000000000000002e-07	-0.00701563
6.009999999999998e-07	-0.00896094
6.019999999999999e-07	-0.012
6.03e-07	-0.00607813
6.040000000000001e-07	-0.00883594
6.050000000000001e-07	-0.01
6.059999999999998e-07	-0.011
6.069999999999999e-07	-0.013
6.079999999999999e-07	-0.0160078
6.09e-07	-0.017
6.100000000000001e-07	-0.0170391
6.110000000000002e-07	-0.021
6.119999999999998e-07	-0.0229766
6.129999999999999e-07	-0.0209922
6.14e-07	-0.0209922
6.15e-07	-0.018
6.160000000000001e-07	-0.0189922
6.170000000000002e-07	-0.0160234
6.179999999999998e-07	-0.0130234
6.189999999999999e-07	-0.0110078
6.2e-07	-0.012
6.210000000000001e-07	-0.0109688
6.220000000000001e-07	-0.0129844
6.229999999999998e-07	-0.00703906
6.239999999999999e-07	-0.00897656
6.249999999999999e-07	-0.00802344
6.26e-07	-0.00900781
6.270000000000001e-07	-0.00700781
6.280000000000002e-07	-0.008
6.289999999999998e-07	-0.00702344
6.300000000000003e-07	-0.00700781
6.31e-07	-0.006
6.32e-07	-0.007
6.330000000000001e-07	-0.00602344
6.339999999999998e-07	-0.00401563
6.349999999999998e-07	-0.00501563
6.359999999999999e-07	-0.000992188
6.37e-07	-0.003
6.380000000000001e-07	-0.00499219
6.390000000000002e-07	-0.00298438
6.399999999999998e-07	-0.00297656
6.409999999999999e-07	-0.00201563
6.42e-07	-0.00501563
6.43e-07	-0.00308594
6.440000000000001e-07	-0.00198438
6.450000000000002e-07	-0.00300781
6.459999999999998e-07	-0.0019375
6.469999999999999e-07	3.125e-05
6.48e-07	-5.46875e-05
6.490000000000001e-07	-0.00404688
6.500000000000001e-07	-0.00499219
6.509999999999998e-07	-0.0029375
6.519999999999999e-07	-0.00104688
6.529999999999999e-07	-0.00401563
6.54e-07	-0.00298438
6.550000000000001e-07	-0.00502344
6.560000000000002e-07	-0.00597656
6.569999999999998e-07	-0.004
6.579999999999999e-07	-0.008
6.59e-07	-0.00603125
6.6e-07	-0.00499219
6.610000000000005e-07	-0.003
6.620000000000002e-07	-0.00400781
6.629999999999998e-07	-0.002
6.639999999999999e-07	-0.00496875
6.65e-07	-0.00503906
6.660000000000001e-07	-0.00198438
6.670000000000001e-07	1.5625e-05
6.679999999999998e-07	-0.00301563
6.689999999999994e-07	-0.00298438
6.699999999999999e-07	-0.00407031
6.71e-07	0.0009375
6.720000000000001e-07	0.001
6.730000000000002e-07	-0.00296875
6.739999999999998e-07	-0.002
6.749999999999999e-07	-0.00295313
6.76e-07	-0.00298438
6.77e-07	-1.5625e-05
6.780000000000001e-07	-7.8125e-06
6.790000000000002e-07	-0.001
6.799999999999998e-07	-0.00398438
6.809999999999999e-07	-1.5625e-05
6.82e-07	-0.00096875
6.830000000000001e-07	-0.00298438
6.840000000000001e-07	-0.002125
6.849999999999998e-07	-0.00103906
6.859999999999999e-07	-0.00299219
6.869999999999999e-07	4.6875e-05
6.88e-07	-9.375e-05
6.890000000000001e-07	-0.002
6.900000000000002e-07	-0.000984375
6.909999999999998e-07	-0.00205469
6.919999999999999e-07	-0.00189063
6.93e-07	0.001
6.94e-07	-0.00203125
6.950000000000001e-07	-0.001
6.959999999999998e-07	-0.00301563
6.969999999999998e-07	-0.002
6.979999999999999e-07	-0.002
6.99e-07	-0.00200781
6.999999999999997e-07	0.0
7.010000000000001e-07	-0.002
7.019999999999998e-07	-0.00196875
7.029999999999999e-07	-1.5625e-05
7.04e-07	-0.00208594
7.05e-07	-0.00602344
7.060000000000001e-07	0.00107813
7.070000000000002e-07	0.00100781
7.079999999999998e-07	-0.00201563
7.089999999999999e-07	-0.00302344
7.1e-07	-0.00103125
7.110000000000001e-07	-0.001
7.120000000000001e-07	-0.002
7.129999999999998e-07	-0.000992188
7.139999999999999e-07	-0.003
7.149999999999999e-07	0.000992188
7.16e-07	-0.00200781
7.170000000000001e-07	0.001
7.180000000000002e-07	-0.00203906
7.189999999999998e-07	7.8125e-06
7.199999999999999e-07	-0.000992188
7.21e-07	7.8125e-06
7.22e-07	-0.00300781
7.230000000000001e-07	0.000851563
7.240000000000002e-07	0.00199219
7.249999999999998e-07	0.000953125
7.259999999999999e-07	-0.00200781
7.27e-07	1.5625e-05
7.280000000000001e-07	-0.00100781
7.290000000000001e-07	-7.8125e-06
7.299999999999998e-07	-0.000984375
7.309999999999999e-07	0.000984375
7.319999999999999e-07	-0.002
7.33e-07	0.000992188
7.340000000000001e-07	-0.00303906
7.350000000000002e-07	-0.00299219
7.359999999999998e-07	-0.000992188
7.369999999999999e-07	-7.8125e-06
7.38e-07	0.0
7.39e-07	-0.000960938
7.400000000000001e-07	-0.00399219
7.410000000000002e-07	-0.00101563
7.419999999999998e-07	-0.00200781
7.429999999999999e-07	-7.8125e-06
7.44e-07	-0.00100781
7.450000000000001e-07	0.000992188
7.460000000000001e-07	-0.00207813
7.469999999999998e-07	-0.00303906
7.479999999999999e-07	0.00201563
7.489999999999999e-07	-0.000898438
7.5e-07	-0.00107031
7.510000000000001e-07	-0.000976563
7.520000000000002e-07	-0.003
7.529999999999998e-07	-0.00102344
7.539999999999999e-07	-0.001
7.55e-07	-1.5625e-05
7.56e-07	0.0
7.570000000000001e-07	-0.002
7.579999999999998e-07	-0.000992188
7.589999999999998e-07	-0.002
7.599999999999999e-07	-0.00195313
7.61e-07	0.00199219
7.620000000000001e-07	-0.000960938
7.630000000000001e-07	-0.00213281
7.639999999999998e-07	-1.5625e-05
7.649999999999999e-07	-0.001
7.66e-07	0.000984375
7.67e-07	-0.00200781
7.680000000000001e-07	1.5625e-05
7.690000000000002e-07	-0.00205469
7.699999999999994e-07	-0.00294531
7.709999999999999e-07	3.90625e-05
7.72e-07	-1.5625e-05
7.73e-07	-0.00101563
7.740000000000001e-07	-0.003
7.749999999999998e-07	-0.002
7.759999999999999e-07	-0.00200781
7.769999999999999e-07	-7.8125e-06
7.78e-07	-0.001
7.790000000000001e-07	-7.8125e-06
7.800000000000002e-07	-7.8125e-06
7.809999999999998e-07	7.8125e-06
7.819999999999999e-07	-0.002
7.83e-07	-0.00200781
7.84e-07	-0.001
7.850000000000001e-07	0.001
7.860000000000002e-07	-0.00100781
7.869999999999998e-07	-0.00198438
7.879999999999999e-07	-0.005
7.89e-07	-0.00319531
7.900000000000001e-07	0.000976563
7.910000000000001e-07	0.0
7.919999999999998e-07	0.001
7.929999999999999e-07	-0.000921875
7.939999999999999e-07	-0.00203125
7.95e-07	1.5625e-05
7.960000000000001e-07	-0.00201563
7.970000000000002e-07	0.00299219
7.979999999999998e-07	-0.00101563
7.989999999999999e-07	-0.000992188
8e-07	-0.003
8.010000000000005e-07	0.00096875
8.020000000000001e-07	-0.001
8.030000000000002e-07	0.001
8.039999999999998e-07	-0.00198438
8.049999999999999e-07	0.002
8.06e-07	-0.00303906
8.070000000000001e-07	-0.001
8.080000000000001e-07	0.00201563
8.089999999999998e-07	0.0
8.099999999999999e-07	-0.00297656
8.109999999999999e-07	7.8125e-06
8.12e-07	-0.00100781
8.130000000000001e-07	-7.8125e-06
8.140000000000002e-07	-0.00201563
8.149999999999998e-07	-0.00302344
8.159999999999999e-07	-7.8125e-06
8.17e-07	-0.000914063
8.18e-07	-0.00399219
8.190000000000001e-07	-0.00300781
8.199999999999998e-07	-0.004
8.209999999999998e-07	-0.00202344
8.219999999999999e-07	-0.00199219
8.23e-07	-0.00298438
8.240000000000001e-07	-0.004
8.250000000000001e-07	-0.00697656
8.259999999999998e-07	-0.00898438
8.269999999999999e-07	-0.0119453
8.28e-07	-0.0129688
8.29e-07	-0.0195937
8.300000000000001e-07	-0.025
8.310000000000002e-07	-0.0280078
8.319999999999998e-07	-0.0279922
8.329999999999999e-07	-0.028
8.34e-07	-0.028
8.35e-07	-0.027
8.360000000000001e-07	-0.0279531
8.369999999999998e-07	-0.0219531
8.379999999999999e-07	-0.019875
8.389999999999999e-07	-0.0160078
8.4e-07	-0.0180312
8.410000000000001e-07	-0.0161484
8.420000000000002e-07	-0.0120781
8.429999999999998e-07	-0.0119922
8.439999999999999e-07	-0.0109531
8.45e-07	-0.0110156
8.46e-07	-0.0109531
8.470000000000001e-07	-0.009
8.480000000000002e-07	-0.00998438
8.489999999999998e-07	-0.00797656
8.499999999999999e-07	-0.00689063
8.51e-07	-0.00301563
8.520000000000001e-07	-0.00702344
8.530000000000001e-07	-0.005
8.539999999999998e-07	-0.00698437
8.549999999999999e-07	-0.003
8.559999999999999e-07	-0.005
8.57e-07	-0.00401563
8.580000000000001e-07	-0.00299219
8.590000000000002e-07	-0.00096875
8.599999999999998e-07	-0.00499219
8.609999999999999e-07	-0.00401563
8.62e-07	-0.00302344
8.63e-07	-0.000976563
8.640000000000001e-07	-0.00400781
8.650000000000002e-07	-0.00202344
8.659999999999998e-07	-0.002
8.669999999999999e-07	-0.00201563
8.68e-07	-0.000992188
8.690000000000001e-07	-0.002
8.700000000000001e-07	-0.001
8.710000000000002e-07	-0.00197656
8.719999999999999e-07	-0.003
8.729999999999999e-07	-0.00296094
8.74e-07	-0.00602344
8.750000000000001e-07	-0.00800781
8.760000000000002e-07	-0.00798438
8.769999999999998e-07	-0.009
8.779999999999999e-07	-0.0130469
8.79e-07	-0.015
8.8e-07	-0.0140156
8.810000000000001e-07	-0.0120859
8.819999999999998e-07	-0.0100391
8.829999999999998e-07	-0.0110469
8.839999999999999e-07	-0.0119297
8.85e-07	-0.00795313
8.860000000000001e-07	-0.00802344
8.870000000000001e-07	-0.00695313
8.879999999999998e-07	-0.00599219
8.889999999999999e-07	-0.00597656
8.9e-07	-0.00498438
8.91e-07	-0.005
8.920000000000001e-07	-0.00397656
8.930000000000002e-07	-0.00401563
8.939999999999998e-07	-0.00499219
8.949999999999999e-07	-0.004
8.96e-07	-0.00599219
8.97e-07	-0.002
8.980000000000001e-07	-0.00602344
8.989999999999998e-07	-0.003
8.999999999999999e-07	-0.00403125
9.009999999999999e-07	-0.00500781
9.020000000000004e-07	-0.00502344
9.030000000000001e-07	-0.00700781
9.040000000000002e-07	-0.00498438
9.049999999999998e-07	-0.00599219
9.059999999999999e-07	-0.00703125
9.07e-07	-0.0129766
9.08e-07	-0.0149375
9.090000000000001e-07	-0.0239219
9.100000000000002e-07	-0.0350781
9.109999999999998e-07	-0.0430937
9.119999999999999e-07	-0.055
9.13e-07	-0.0679063
9.140000000000001e-07	-0.0739844
9.150000000000001e-07	-0.0760078
9.159999999999998e-07	-0.0759609
9.169999999999999e-07	-0.0729922
9.179999999999999e-07	-0.0667656
9.19e-07	-0.0610391
9.200000000000001e-07	-0.0580391
9.210000000000002e-07	-0.0512422
9.219999999999998e-07	-0.0469219
9.229999999999999e-07	-0.0409531
9.24e-07	-0.0379219
9.25e-07	-0.0359687
9.260000000000001e-07	-0.0319531
9.270000000000002e-07	-0.0310234
9.279999999999998e-07	-0.0309922
9.289999999999999e-07	-0.0279688
9.3e-07	-0.0229141
9.310000000000001e-07	-0.023
9.320000000000001e-07	-0.022
9.329999999999998e-07	-0.0199844
9.339999999999999e-07	-0.0179922
9.349999999999999e-07	-0.0150078
9.36e-07	-0.015
9.370000000000001e-07	-0.0130156
9.380000000000002e-07	-0.0130234
9.389999999999998e-07	-0.0120391
9.399999999999999e-07	-0.00699219
9.409999999999995e-07	-0.00992969
9.42e-07	-0.0120078
9.430000000000001e-07	-0.00899219
9.439999999999998e-07	-0.0140469
9.449999999999998e-07	-0.0110391
9.459999999999999e-07	-0.00900781
9.47e-07	-0.00905469
9.480000000000001e-07	-0.00703906
9.490000000000001e-07	-0.00797656
9.499999999999998e-07	-0.009
9.509999999999999e-07	-0.00902344
9.52e-07	-0.00699219
9.53e-07	-0.00699219
9.54e-07	-0.007
9.550000000000002e-07	-0.006
9.559999999999998e-07	-0.00697656
9.57e-07	-0.004
9.58e-07	-0.006
9.59e-07	-0.004
9.600000000000001e-07	-0.00699219
9.609999999999998e-07	-0.00511719
9.619999999999999e-07	-0.00500781
9.63e-07	-0.005
9.64e-07	-0.00495313
9.65e-07	-0.002
9.660000000000002e-07	-0.00503906
9.669999999999998e-07	-0.005
9.679999999999999e-07	-0.0049375
9.69e-07	-0.00197656
9.7e-07	-0.00303125
9.71e-07	-0.00299219
9.719999999999998e-07	-0.001
9.729999999999998e-07	-0.001
9.74e-07	7.8125e-06
9.75e-07	-0.00297656
9.76e-07	-0.003
9.770000000000001e-07	-0.00300781
9.779999999999998e-07	-0.00102344
9.789999999999999e-07	7.8125e-06
9.8e-07	-0.003
9.81e-07	-0.00302344
9.82e-07	-0.001
9.830000000000002e-07	0.00100781
9.839999999999998e-07	-0.00100781
9.849999999999999e-07	-0.000992188
9.86e-07	-0.003
9.87e-07	-0.00110938
9.880000000000001e-07	-0.000953125
9.890000000000002e-07	-0.00307813
9.899999999999998e-07	0.00198438
9.91e-07	-0.00191406
9.92e-07	-0.00103125
9.93e-07	-0.00100781
9.940000000000001e-07	-0.000992188
9.949999999999998e-07	-0.003
9.959999999999999e-07	-0.000992188
9.97e-07	3.125e-05
9.98e-07	-0.005
9.99e-07	-0.00305469
1.0000000000000002e-06	-0.00489063
1.0009999999999998e-06	-0.005
1.0019999999999999e-06	-0.00299219
1.003e-06	-0.004
1.004e-06	-0.005
1.0050000000000001e-06	-0.002
1.0059999999999998e-06	-2.34375e-05
1.0069999999999998e-06	-0.003
1.008e-06	-0.00298438
1.009e-06	-0.00199219
1.01e-06	-7.8125e-06
1.0110000000000001e-06	-0.00296875
1.0119999999999998e-06	-0.00399219
1.0129999999999999e-06	-0.001
1.014e-06	-0.003
1.015e-06	-0.00102344
1.016e-06	-0.00297656
1.0170000000000002e-06	-0.00300781
1.0179999999999998e-06	-0.003
1.019e-06	-0.00198438
1.02e-06	-0.00401563
1.021e-06	-0.00100781
1.0220000000000001e-06	-0.00398438
1.0229999999999998e-06	-0.00203906
1.0239999999999999e-06	-0.001
1.025e-06	-0.00204688
1.026e-06	1.5625e-05
1.027e-06	-0.003
1.0280000000000002e-06	0.0
1.0289999999999998e-06	-0.000984375
1.0299999999999999e-06	2.34375e-05
1.031e-06	0.00101563
1.032e-06	-0.00200781
1.033e-06	-0.001
1.0340000000000002e-06	-0.00402344
1.0349999999999998e-06	-0.00196094
1.036e-06	2.34375e-05
1.037e-06	-7.8125e-06
1.038e-06	-0.00103906
1.0390000000000001e-06	-0.00302344
1.0399999999999998e-06	0.000851563
1.0409999999999999e-06	0.00192188
1.0420000000000004e-06	-0.00203906
1.043e-06	3.90625e-05
1.044e-06	-1.5625e-05
1.0450000000000002e-06	-1.5625e-05
1.0459999999999998e-06	-0.000976563
1.0469999999999999e-06	-3.125e-05
1.048e-06	-0.00194531
1.049e-06	0.00303125
1.0500000000000001e-06	0.000953125
1.0510000000000002e-06	0.000992188
1.0519999999999998e-06	7.8125e-06
1.053e-06	0.002
1.054e-06	-0.001
1.055e-06	-0.00100781
1.0560000000000001e-06	-0.001
1.0569999999999998e-06	1.5625e-05
1.0579999999999999e-06	-0.002
1.059e-06	0.0
1.06e-06	-0.00100781
1.061e-06	0.00196875
1.0620000000000002e-06	0.000992188
1.0629999999999998e-06	0.0
1.0639999999999999e-06	0.0
1.065e-06	3.125e-05
1.066e-06	-0.00201563
1.0670000000000001e-06	0.000953125
1.0679999999999998e-06	0.001
1.0689999999999998e-06	-0.00197656
1.07e-06	-0.00100781
1.071e-06	-0.0009375
1.072e-06	-0.00400781
1.0729999999999997e-06	-0.00203125
1.0739999999999998e-06	-0.00100781
1.0749999999999999e-06	-0.002
1.076e-06	-0.002
1.077e-06	-0.002
1.078e-06	-0.00198438
1.0790000000000002e-06	-0.00305469
1.0799999999999998e-06	-9.375e-05
1.081e-06	-0.00105469
1.082e-06	-0.00196875
1.083e-06	3.125e-05
1.0840000000000001e-06	0.00105469
1.0849999999999998e-06	0.00195313
1.0859999999999999e-06	-0.000992188
1.087e-06	0.000992188
1.088e-06	-0.000976563
1.089e-06	0.00300781
1.0900000000000002e-06	0.0019375
1.0909999999999998e-06	0.000992188
1.0919999999999999e-06	-2.34375e-05
1.093e-06	-0.002
1.094e-06	-0.000992188
1.095e-06	0.001
1.0960000000000002e-06	-0.001
1.0969999999999998e-06	0.001
1.098e-06	-0.00102344
1.099e-06	-2.34375e-05
1.1e-06	0.000984375
1.1010000000000001e-06	-0.000984375
1.1019999999999998e-06	-0.000984375
1.1029999999999999e-06	0.000984375
1.104e-06	0.00199219
1.105e-06	7.8125e-06
1.106e-06	0.00096875
1.1070000000000002e-06	0.00100781
1.1079999999999998e-06	-0.002
1.1089999999999999e-06	0.000984375
1.11e-06	0.0
1.111e-06	1.5625e-05
1.1120000000000001e-06	-0.000992188
1.1130000000000002e-06	0.00200781
1.1139999999999998e-06	0.000945313
1.115e-06	0.0
1.116e-06	-0.00103125
1.117e-06	-0.00199219
1.1180000000000001e-06	-0.00300781
1.1189999999999998e-06	-0.00105469
1.1199999999999999e-06	-0.00100781
1.121e-06	-0.001
1.122e-06	-0.00100781
1.123e-06	-0.00202344
1.1240000000000002e-06	-0.00192969
1.1249999999999998e-06	0.00196094
1.1259999999999999e-06	-0.00401563
1.127e-06	0.00204688
1.128e-06	0.00196875
1.1290000000000001e-06	0.00198438
1.1299999999999998e-06	-0.00101563
1.1309999999999998e-06	7.8125e-06
1.132e-06	0.00100781
1.133e-06	0.00199219
1.134e-06	0.001
1.1350000000000001e-06	-0.000992188
1.1359999999999998e-06	-0.00100781
1.1369999999999999e-06	-0.00101563
1.138e-06	0.00201563
1.139e-06	0.00203125
1.14e-06	0.0
1.1410000000000002e-06	0.000992188
1.1419999999999998e-06	-0.00102344
1.1430000000000003e-06	-0.001
1.144e-06	-0.00200781
1.145e-06	-0.000109375
1.1460000000000001e-06	0.00292969
1.1469999999999998e-06	0.00205469
1.1479999999999999e-06	-0.003
1.149e-06	-0.00302344
1.15e-06	-0.00199219
1.151e-06	7.8125e-06
1.1520000000000002e-06	-0.002
1.1529999999999998e-06	0.0
1.1539999999999999e-06	-0.00201563
1.155e-06	-0.001
1.156e-06	-0.00300781
1.157e-06	-0.00299219
1.1580000000000002e-06	-0.007
1.1589999999999998e-06	-0.00689063
1.16e-06	-0.0100391
1.161e-06	-0.00900781
1.162e-06	-0.0110312
1.1630000000000001e-06	-0.00998438
1.1639999999999998e-06	-0.0100078
1.1649999999999999e-06	-0.00998438
1.166e-06	-0.00902344
1.167e-06	-0.0110078
1.168e-06	-0.00790625
1.1690000000000002e-06	-0.00399219
1.1699999999999998e-06	-0.00503125
1.1709999999999999e-06	-0.007
1.172e-06	-0.00700781
1.173e-06	-0.005
1.1740000000000005e-06	-0.006
1.1750000000000002e-06	-0.004
1.1759999999999998e-06	-0.007
1.177e-06	-0.00797656
1.178e-06	-0.014
1.179e-06	-0.016
1.1800000000000001e-06	-0.021
1.1809999999999998e-06	-0.0279922
1.1819999999999994e-06	-0.0339922
1.183e-06	-0.0389844
1.184e-06	-0.045
1.185e-06	-0.0460703
1.1860000000000002e-06	-0.0440234
1.1869999999999998e-06	-0.0430703
1.1879999999999999e-06	-0.0380703
1.189e-06	-0.0340547
1.19e-06	-0.0340391
1.1910000000000001e-06	-0.0290781
1.1920000000000002e-06	-0.0270156
1.1929999999999998e-06	-0.0250156
1.194e-06	-0.0229844
1.195e-06	-0.0209844
1.196e-06	-0.022
1.1970000000000001e-06	-0.0181562
1.1979999999999998e-06	-0.0141484
1.1989999999999999e-06	-0.013
1.2e-06	-0.0159844
1.201e-06	-0.011
1.202e-06	-0.0140313
1.2030000000000002e-06	-0.011
1.2039999999999998e-06	-0.00797656
1.205e-06	-0.008
1.206e-06	-0.00899219
1.207e-06	-0.00698437
1.2080000000000001e-06	-0.00501563
1.2089999999999998e-06	-0.00699219
1.2099999999999998e-06	-0.006
1.211e-06	-0.006
1.212e-06	-0.00500781
1.2129999999999997e-06	-0.00496875
1.2140000000000002e-06	-0.00602344
1.2149999999999998e-06	-0.00302344
1.2159999999999999e-06	-0.004
1.217e-06	-0.00303125
1.218e-06	-0.00100781
1.219e-06	-0.00197656
1.2200000000000002e-06	-0.00299219
1.2209999999999998e-06	-0.00304688
1.222e-06	0.0
1.223e-06	-0.00398438
1.224e-06	-0.00103125
1.2250000000000001e-06	-0.00196875
1.2259999999999998e-06	-0.001
1.2269999999999999e-06	-0.00296875
1.228e-06	-0.00499219
1.229e-06	-0.00203125
1.23e-06	-0.001
1.2310000000000002e-06	-0.002
1.2319999999999998e-06	-0.00401563
1.2329999999999999e-06	-0.00298438
1.234e-06	-0.00190625
1.235e-06	-3.125e-05
1.2360000000000001e-06	-0.00603906
1.2370000000000002e-06	-0.00314844
1.2379999999999998e-06	-0.00184375
1.239e-06	-0.00813281
1.24e-06	-0.0099375
1.241e-06	-0.00799219
1.2420000000000001e-06	-0.00897656
1.2429999999999998e-06	-0.00701563
1.2439999999999999e-06	-0.0100156
1.245e-06	-0.00695313
1.246e-06	-0.00702344
1.247e-06	-0.007
1.2480000000000002e-06	-0.00596875
1.2489999999999998e-06	-0.00500781
1.2499999999999999e-06	-0.00497656
1.251e-06	-0.004
1.252e-06	-0.005
1.2530000000000001e-06	-0.00298438
1.2540000000000002e-06	-0.006
1.2549999999999998e-06	-0.00203125
1.256e-06	-0.004
1.257e-06	-0.003
1.258e-06	-0.00499219
1.2590000000000001e-06	-0.00304688
1.2599999999999998e-06	-0.002
1.2609999999999999e-06	-0.00300781
1.262e-06	-0.001
1.263e-06	-0.00196875
1.264e-06	-0.00301563
1.2650000000000002e-06	-0.00200781
1.2659999999999998e-06	-0.003
1.267e-06	-0.004
1.268e-06	-0.00399219
1.269e-06	-0.006
1.2700000000000001e-06	-0.00399219
1.2709999999999998e-06	-0.00498438
1.2719999999999998e-06	-0.00498438
1.273e-06	-0.003
1.274e-06	-0.00300781
1.275e-06	-0.003
1.2760000000000001e-06	-0.00401563
1.2769999999999998e-06	-0.00105469
1.2779999999999999e-06	-0.00192969
1.279e-06	-0.00197656
1.28e-06	-0.00203125
1.281e-06	-0.003
1.2820000000000002e-06	-0.00196875
1.2830000000000003e-06	-0.00201563
1.284e-06	-0.00197656
1.285e-06	-0.000992188
1.286e-06	-0.00203906
1.2870000000000001e-06	-0.000984375
1.2879999999999998e-06	0.00203906
1.2889999999999999e-06	0.000945313
1.29e-06	-0.00302344
1.291e-06	-0.003
1.292e-06	-0.004
1.2930000000000002e-06	-0.003
1.2939999999999998e-06	-0.005
1.2949999999999999e-06	-0.003
1.296e-06	-0.00401563
1.297e-06	-0.00400781
1.2980000000000001e-06	-0.00400781
1.2990000000000002e-06	-0.00399219
1.2999999999999998e-06	-0.00296094
1.301e-06	0.0
1.302e-06	-0.00301563
1.303e-06	-0.00302344
1.3040000000000001e-06	-0.002
1.3049999999999998e-06	-0.003
1.3059999999999999e-06	-0.00299219
1.307e-06	-0.001
1.308e-06	0.0
1.309e-06	7.8125e-06
1.3100000000000002e-06	-0.00100781
1.3109999999999998e-06	-0.001
1.3119999999999999e-06	-0.000976563
1.313e-06	-7.8125e-06
1.3139999999999996e-06	-0.000992188
1.3150000000000001e-06	0.0
1.3160000000000002e-06	-0.002
1.3169999999999998e-06	-1.5625e-05
1.318e-06	-0.00203906
1.319e-06	-0.003
1.32e-06	-0.00510156
1.3210000000000001e-06	-0.0090625
1.3219999999999998e-06	-0.0129766
1.3229999999999999e-06	-0.0110391
1.324e-06	-0.020125
1.325e-06	-0.0209844
1.326e-06	-0.0219844
1.3270000000000002e-06	-0.02
1.3279999999999998e-06	-0.0209922
1.329e-06	-0.0139687
1.33e-06	-0.0120234
1.331e-06	-0.0129688
1.3320000000000001e-06	-0.014
1.3329999999999998e-06	-0.0120234
1.3339999999999998e-06	-0.0110156
1.335e-06	-0.0100313
1.336e-06	-0.006
1.337e-06	-0.00895313
1.3380000000000001e-06	-0.01
1.3389999999999998e-06	-0.00998438
1.3399999999999999e-06	-0.0140391
1.341e-06	-0.0130234
1.342e-06	-0.0130078
1.343e-06	-0.0130391
1.3440000000000002e-06	-0.0119687
1.3449999999999998e-06	-0.0139922
1.346e-06	-0.013
1.347e-06	-0.013
1.348e-06	-0.0109844
1.3490000000000001e-06	-0.00802344
1.3499999999999998e-06	-0.007
1.3509999999999999e-06	-0.01
1.352e-06	-0.00696094
1.353e-06	-0.007
1.354e-06	-0.00597656
1.3550000000000002e-06	-0.004
1.3559999999999998e-06	-0.00499219
1.3569999999999999e-06	-0.00507031
1.358e-06	-0.00505469
1.359e-06	-0.007
1.3600000000000001e-06	-0.00398438
1.3610000000000002e-06	-0.00602344
1.3619999999999998e-06	-0.00499219
1.363e-06	-0.00497656
1.364e-06	-0.00299219
1.365e-06	-0.00397656
1.3660000000000001e-06	-0.000992188
1.3669999999999998e-06	-0.00300781
1.3679999999999999e-06	-0.00199219
1.369e-06	-0.002
1.37e-06	-0.001
1.371e-06	-0.003
1.3720000000000002e-06	-0.001
1.3729999999999998e-06	-0.00200781
1.3739999999999999e-06	-7.8125e-06
1.375e-06	-0.001
1.376e-06	-0.001
1.3770000000000001e-06	-0.000984375
1.3780000000000002e-06	-0.002
1.3789999999999998e-06	-1.5625e-05
1.38e-06	-0.00101563
1.381e-06	-0.00297656
1.382e-06	-0.005
1.3830000000000001e-06	-0.00214844
1.3840000000000002e-06	-7.8125e-06
1.3849999999999999e-06	-0.000953125
1.386e-06	-0.00203125
1.387e-06	0.00100781
1.388e-06	-0.00196875
1.3890000000000002e-06	-0.00100781
1.3899999999999998e-06	-0.00200781
1.391e-06	-7.8125e-06
1.392e-06	-0.001
1.393e-06	0.000984375
1.3940000000000001e-06	0.0
1.3949999999999998e-06	-0.000976563
1.3959999999999998e-06	-0.00108594
1.397e-06	0.001
1.398e-06	-0.000992188
1.399e-06	0.002
1.4000000000000001e-06	-0.00203125
1.4009999999999998e-06	-0.001
1.4019999999999999e-06	0.0
1.403e-06	0.0
1.404e-06	0.00103906
1.405e-06	0.00199219
1.4060000000000002e-06	-1.5625e-05
1.4069999999999998e-06	-0.001
1.408e-06	-0.000992188
1.409e-06	0.001
1.41e-06	-7.8125e-06
1.4110000000000001e-06	0.00200781
1.4119999999999998e-06	-0.000984375
1.4129999999999999e-06	-7.8125e-06
1.414e-06	-0.001
1.4150000000000004e-06	-2.34375e-05
1.416e-06	7.8125e-06
1.4170000000000002e-06	-0.00196094
1.4179999999999998e-06	-0.00300781
1.4189999999999999e-06	-0.00103906
1.42e-06	0.000992188
1.421e-06	0.00101563
1.4220000000000001e-06	0.0
1.4230000000000002e-06	0.0
1.4239999999999998e-06	-0.001
1.425e-06	-0.00201563
1.426e-06	0.00100781
1.427e-06	0.0
1.4280000000000001e-06	0.000992188
1.4289999999999998e-06	-0.002
1.4299999999999999e-06	-0.00296875
1.431e-06	-0.000992188
1.432e-06	-0.00309375
1.433e-06	-0.00398438
1.4340000000000002e-06	-0.00199219
1.4349999999999998e-06	-0.00301563
1.4359999999999999e-06	-0.00197656
1.437e-06	-0.00401563
1.438e-06	-0.00190625
1.4390000000000001e-06	-0.00101563
1.4400000000000002e-06	-0.00197656
1.4409999999999998e-06	-0.00101563
1.442e-06	-0.00296875
1.443e-06	-7.8125e-06
1.444e-06	-0.00296875
1.4450000000000001e-06	0.000984375
1.4459999999999998e-06	-0.00401563
1.4469999999999999e-06	0.0
1.448e-06	-0.00298438
1.449e-06	0.002
1.45e-06	0.0
1.4510000000000002e-06	0.00198438
1.4519999999999998e-06	0.000992188
1.453e-06	0.00101563
1.4539999999999995e-06	-0.000992188
1.455e-06	-0.00100781
1.4560000000000001e-06	-7.8125e-06
1.4569999999999998e-06	0.000992188
1.4579999999999998e-06	0.001
1.459e-06	0.00200781
1.46e-06	-7.8125e-06
1.461e-06	0.001
1.4620000000000001e-06	-4.6875e-05
1.4629999999999998e-06	0.00299219
1.4639999999999999e-06	0.0
1.465e-06	0.0
1.466e-06	-0.001
1.467e-06	-6.25e-05
1.4680000000000002e-06	0.00096875
1.4689999999999998e-06	-0.00299219
1.47e-06	3.90625e-05
1.471e-06	0.0
1.472e-06	-0.001
1.4730000000000001e-06	0.0
1.4739999999999998e-06	-0.000992188
1.4749999999999999e-06	-9.375e-05
1.476e-06	0.00199219
1.477e-06	0.000992188
1.478e-06	0.000976563
1.4790000000000002e-06	1.5625e-05
1.4799999999999998e-06	0.00199219
1.4809999999999999e-06	-3.125e-05
1.482e-06	0.00102344
1.483e-06	-6.25e-05
1.4840000000000001e-06	-0.00096875
1.4849999999999998e-06	-7.8125e-06
1.4859999999999998e-06	-0.00203125
1.487e-06	-0.000976563
1.488e-06	-7.8125e-06
1.489e-06	-0.001
1.4900000000000001e-06	0.0
1.4909999999999998e-06	0.0
1.4919999999999999e-06	-0.00101563
1.493e-06	-0.001
1.494e-06	0.00102344
1.495e-06	0.001
1.4960000000000002e-06	-0.0010625
1.4969999999999998e-06	-0.00401563
1.4979999999999999e-06	0.0010625
1.499e-06	0.002
1.5e-06	0.001
1.5010000000000001e-06	0.00202344
1.5020000000000002e-06	-0.00196875
1.5029999999999998e-06	-0.001
1.504e-06	-0.00301563
1.505e-06	-0.00401563
1.506e-06	-0.007
1.5070000000000001e-06	-0.00897656
1.5079999999999998e-06	-0.0130078
1.5089999999999999e-06	-0.0160312
1.51e-06	-0.0201094
1.511e-06	-0.0220078
1.512e-06	-0.0261016
1.5130000000000002e-06	-0.0270078
1.5139999999999998e-06	-0.0250234
1.515e-06	-0.0221563
1.516e-06	-0.0179531
1.517e-06	-0.0159766
1.5180000000000001e-06	-0.0139922
1.5189999999999998e-06	-0.0160156
1.5199999999999998e-06	-0.0139531
1.521e-06	-0.0119844
1.522e-06	-0.00996094
1.523e-06	-0.00801563
1.5240000000000001e-06	-0.00895313
1.5249999999999998e-06	-0.00599219
1.5259999999999999e-06	-0.00700781
1.527e-06	-0.006
1.528e-06	-0.007
1.529e-06	-0.00500781
1.5300000000000002e-06	-0.006
1.5309999999999998e-06	-0.004
1.532e-06	-0.00499219
1.533e-06	-0.00100781
1.534e-06	-0.00302344
1.5350000000000001e-06	-0.00200781
1.5359999999999998e-06	-0.00200781
1.5369999999999999e-06	0.0
1.538e-06	-0.00305469
1.539e-06	-0.00303906
1.54e-06	-1.5625e-05
1.5410000000000002e-06	-0.00297656
1.5419999999999998e-06	-0.00015625
1.5429999999999999e-06	0.00103125
1.544e-06	-0.002
1.545e-06	-0.000992188
1.546e-06	-0.003
1.5470000000000002e-06	0.0
1.5479999999999998e-06	-0.003
1.549e-06	-0.001
1.55e-06	-0.00304688
1.551e-06	-0.005
1.5520000000000001e-06	-0.00803906
1.5529999999999998e-06	-0.0110078
1.5539999999999999e-06	-0.0110234
1.5549999999999995e-06	-0.0126016
1.556e-06	-0.0179453
1.557e-06	-0.0119922
1.5580000000000002e-06	-0.0160078
1.5589999999999998e-06	-0.0109453
1.5599999999999999e-06	-0.0110234
1.561e-06	-0.0110078
1.562e-06	-0.0109688
1.5630000000000001e-06	-0.00894531
1.5640000000000002e-06	-0.00598438
1.5649999999999998e-06	-0.00599219
1.566e-06	-0.00396875
1.567e-06	-0.002
1.568e-06	-0.00599219
1.5690000000000001e-06	-0.00403125
1.5699999999999998e-06	-0.004
1.5709999999999999e-06	-0.003
1.572e-06	-0.00400781
1.573e-06	-0.00299219
1.574e-06	-0.006
1.5750000000000002e-06	-0.00503906
1.5759999999999998e-06	-0.003
1.5769999999999999e-06	-0.00299219
1.578e-06	-0.00198438
1.579e-06	-0.000992188
1.5800000000000001e-06	-0.004
1.5809999999999998e-06	-0.00419531
1.5819999999999998e-06	0.000984375
1.583e-06	-0.0019375
1.584e-06	-6.25e-05
1.585e-06	0.00207031
1.5860000000000006e-06	-0.00292969
1.5869999999999998e-06	-0.00303906
1.5879999999999999e-06	-0.00101563
1.589e-06	0.0
1.59e-06	-0.002
1.591e-06	0.001
1.5920000000000002e-06	-0.002
1.5929999999999998e-06	-0.000109375
1.594e-06	0.00105469
1.595e-06	-0.001
1.596e-06	-0.000992188
1.5970000000000001e-06	-0.002
1.5979999999999998e-06	-0.003
1.5989999999999999e-06	-0.001
1.6e-06	0.001
1.601e-06	-0.001
1.602e-06	-0.00294531
1.6030000000000002e-06	0.0
1.6039999999999998e-06	-0.002
1.6049999999999999e-06	0.00196875
1.606e-06	0.000984375
1.607e-06	-0.00100781
1.608e-06	0.0
1.6090000000000002e-06	-0.000960938
1.6099999999999998e-06	-0.002
1.611e-06	-0.00101563
1.612e-06	1.5625e-05
1.613e-06	0.00301563
1.6140000000000001e-06	-0.000984375
1.6149999999999998e-06	0.000953125
1.6159999999999999e-06	0.000992188
1.617e-06	0.00201563
1.618e-06	-0.000992188
1.619e-06	-0.00107813
1.6200000000000002e-06	0.002
1.6209999999999998e-06	-0.000882813
1.6219999999999999e-06	0.0
1.623e-06	0.00100781
1.624e-06	0.0
1.6250000000000001e-06	0.000992188
1.6260000000000002e-06	-7.8125e-06
1.6269999999999998e-06	0.0
1.628e-06	-0.00301563
1.629e-06	-0.000976563
1.63e-06	-0.000976563
1.6310000000000001e-06	-1.5625e-05
1.6319999999999998e-06	-0.00197656
1.6329999999999999e-06	0.00101563
1.634e-06	-0.00384375
1.635e-06	-0.00499219
1.636e-06	-0.00498438
1.6370000000000002e-06	-0.004
1.6379999999999998e-06	-0.00500781
1.6389999999999999e-06	-0.00500781
1.64e-06	-0.00494531
1.641e-06	-0.00198438
1.6420000000000001e-06	-0.00296094
1.6429999999999998e-06	-0.00103125
1.6439999999999998e-06	-0.00603125
1.645e-06	-0.00298438
1.646e-06	-0.00398438
1.647e-06	-0.001
1.6480000000000001e-06	-0.002
1.6489999999999998e-06	-1.5625e-05
1.6499999999999999e-06	-0.00100781
1.651e-06	-0.000992188
1.652e-06	-0.002
1.653e-06	-0.000992188
1.6540000000000002e-06	-0.00299219
1.6549999999999998e-06	-0.00105469
1.6560000000000003e-06	-7.8125e-06
1.657e-06	-0.00297656
1.658e-06	-0.00299219
1.6590000000000001e-06	-0.00100781
1.6599999999999998e-06	-0.00291406
1.6609999999999999e-06	-0.004
1.662e-06	-0.006
1.663e-06	-0.00992969
1.664e-06	-0.012
1.6650000000000002e-06	-0.00999219
1.6659999999999998e-06	-0.0120156
1.6669999999999999e-06	-0.0130156
1.668e-06	-0.0140469
1.669e-06	-0.018
1.67e-06	-0.0159297
1.6710000000000002e-06	-0.0129922
1.6719999999999998e-06	-0.0179688
1.673e-06	-0.0151953
1.674e-06	-0.0120469
1.675e-06	-0.0119922
1.6760000000000001e-06	-0.0119766
1.6769999999999998e-06	-0.00992188
1.6779999999999999e-06	-0.00597656
1.679e-06	-0.00802344
1.68e-06	-0.00800781
1.681e-06	-0.00896875
1.6820000000000002e-06	-0.0059375
1.6829999999999998e-06	-0.006
1.6839999999999999e-06	-0.005
1.685e-06	-0.00600781
1.686e-06	-0.00603125
1.6870000000000005e-06	-0.008
1.6880000000000002e-06	-0.00398438
1.6889999999999998e-06	-0.00399219
1.69e-06	-0.00702344
1.691e-06	-0.006
1.692e-06	-0.00399219
1.6930000000000001e-06	-0.004
1.6939999999999998e-06	-0.00403125
1.6949999999999994e-06	-0.006
1.696e-06	-0.00295313
1.697e-06	-0.00199219
1.698e-06	-0.005
1.6990000000000002e-06	-0.00103906
1.6999999999999998e-06	-0.00197656
1.7009999999999999e-06	-0.002
1.702e-06	-0.00299219
1.703e-06	0.0
1.7040000000000001e-06	-0.002
1.7049999999999998e-06	1.5625e-05
1.7059999999999998e-06	-0.00401563
1.707e-06	-0.000992188
1.708e-06	-0.00104688
1.709e-06	-0.00200781
1.7100000000000001e-06	-0.00198438
1.7109999999999998e-06	-0.00100781
1.7119999999999999e-06	-0.001
1.713e-06	-0.00203125
1.714e-06	3.90625e-05
1.715e-06	0.00101563
1.7160000000000002e-06	0.00090625
1.7169999999999998e-06	-0.00403906
1.718e-06	-0.00191406
1.719e-06	0.000984375
1.72e-06	-0.00202344
1.7210000000000001e-06	7.8125e-06
1.7219999999999998e-06	3.125e-05
1.7229999999999999e-06	0.00199219
1.724e-06	-0.00102344
1.725e-06	-0.001
1.7259999999999997e-06	-7.8125e-06
1.7270000000000002e-06	-0.00100781
1.7279999999999998e-06	0.001
1.7289999999999999e-06	0.0
1.73e-06	-2.34375e-05
1.731e-06	-0.00300781
1.732e-06	0.00103906
1.7330000000000002e-06	0.00104688
1.7339999999999998e-06	-0.002
1.735e-06	0.000976563
1.736e-06	-3.90625e-05
1.737e-06	-0.001
1.7380000000000001e-06	2.34375e-05
1.7389999999999998e-06	0.00103906
1.7399999999999999e-06	-0.000976563
1.741e-06	-1.5625e-05
1.742e-06	-0.001
1.743e-06	-0.00203125
1.7440000000000002e-06	0.001
1.7449999999999998e-06	-0.000984375
1.7459999999999999e-06	0.0
1.747e-06	0.0
1.748e-06	-0.00096875
1.7490000000000001e-06	0.002
1.7500000000000002e-06	-0.00103906
1.7509999999999998e-06	-0.00101563
1.752e-06	-0.001
1.753e-06	-0.00108594
1.754e-06	-2.34375e-05
1.7550000000000001e-06	-0.002
1.7559999999999998e-06	5.46875e-05
1.7569999999999999e-06	0.000976563
1.758e-06	-0.00101563
1.759e-06	2.34375e-05
1.76e-06	-6.25e-05
1.7610000000000002e-06	-0.00202344
1.7619999999999998e-06	-0.00200781
1.7629999999999999e-06	-0.003
1.764e-06	-0.00199219
1.765e-06	-0.003
1.7660000000000001e-06	-0.004
1.7669999999999998e-06	-0.00302344
1.7679999999999998e-06	-0.002
1.769e-06	-0.00200781
1.77e-06	-0.00100781
1.771e-06	-0.001
1.7720000000000001e-06	-0.002
1.7729999999999998e-06	-0.003
1.7739999999999999e-06	-0.003
1.775e-06	-0.00301563
1.776e-06	-0.00200781
1.777e-06	-0.00400781
1.7780000000000002e-06	-0.003
1.7789999999999998e-06	-0.00603125
1.78e-06	-0.00204688
1.781e-06	-0.00203906
1.782e-06	0.00197656
1.7830000000000001e-06	7.03125e-05
1.7839999999999998e-06	-0.00100781
1.7849999999999999e-06	-3.90625e-05
1.786e-06	0.001
1.787e-06	-0.000992188
1.788e-06	-0.00200781
1.7890000000000002e-06	-0.00201563
1.7899999999999998e-06	0.0
1.7909999999999999e-06	-0.000929688
1.792e-06	-0.0020625
1.793e-06	-0.001
1.794e-06	-0.00398438
1.7950000000000002e-06	0.001
1.7959999999999994e-06	-0.00204688
1.797e-06	-0.002
1.798e-06	0.00204688
1.799e-06	0.001
1.8000000000000001e-06	-0.00196094
1.8009999999999998e-06	0.001
1.8019999999999999e-06	-0.001
1.803e-06	0.00199219
1.804e-06	-0.00101563
1.805e-06	-0.00102344
1.8060000000000002e-06	0.00198438
1.8069999999999998e-06	0.00207031
1.8079999999999999e-06	-0.001
1.809e-06	0.000976563
1.81e-06	0.0
1.8110000000000001e-06	0.00100781
1.8120000000000002e-06	-0.00100781
1.8129999999999998e-06	3.125e-05
1.814e-06	-0.003
1.815e-06	-3.90625e-05
1.816e-06	0.0
1.8170000000000001e-06	-0.00105469
1.8179999999999998e-06	0.00199219
1.8189999999999999e-06	7.03125e-05
1.82e-06	0.001
1.821e-06	0.00100781
1.822e-06	7.8125e-06
1.8230000000000002e-06	0.001
1.8239999999999998e-06	-0.00100781
1.8249999999999999e-06	0.0
1.826e-06	-7.8125e-06
1.8270000000000005e-06	1.5625e-05
1.8280000000000001e-06	0.000984375
1.8290000000000002e-06	-0.00102344
1.8299999999999998e-06	-0.000976563
1.831e-06	0.000960938
1.832e-06	9.375e-05
1.833e-06	-0.00198438
1.8340000000000001e-06	3.90625e-05
1.8349999999999998e-06	2.34375e-05
1.8359999999999999e-06	0.00201563
1.837e-06	-0.0010625
1.838e-06	-0.00191406
1.839e-06	0.00303906
1.8400000000000002e-06	0.0009375
1.8409999999999998e-06	0.001
1.842e-06	-1.5625e-05
1.843e-06	-7.8125e-06
1.844e-06	-0.001
1.8450000000000001e-06	0.0
1.8459999999999998e-06	0.0
1.8469999999999998e-06	0.00199219
1.848e-06	-1.5625e-05
1.849e-06	-0.00197656
1.85e-06	-0.00201563
1.8510000000000002e-06	0.000992188
1.8519999999999998e-06	0.000984375
1.8529999999999999e-06	0.00303906
1.854e-06	-0.00201563
1.855e-06	-0.00103906
1.856e-06	0.001
1.8570000000000002e-06	-0.000945313
1.8579999999999998e-06	-0.00207813
1.859e-06	0.000992188
1.86e-06	-0.001
1.861e-06	-3.125e-05
1.8620000000000001e-06	0.000992188
1.8629999999999998e-06	0.001
1.8639999999999999e-06	0.001
1.865e-06	2.34375e-05
1.866e-06	-0.00198438
1.867e-06	0.001
1.8680000000000002e-06	-0.00103125
1.8689999999999998e-06	-0.00100781
1.8699999999999999e-06	-7.8125e-06
1.871e-06	0.0009375
1.872e-06	0.00114844
1.8730000000000001e-06	-0.00199219
1.8740000000000002e-06	0.00104688
1.8749999999999998e-06	-1.5625e-05
1.876e-06	0.0010625
1.877e-06	0.000953125
1.878e-06	-0.00100781
1.8790000000000001e-06	0.00105469
1.8799999999999998e-06	0.000914063
1.8809999999999999e-06	-0.00100781
1.882e-06	0.0
1.883e-06	-0.001
1.884e-06	0.00101563
1.8850000000000002e-06	0.001
1.8859999999999998e-06	0.001
1.8869999999999999e-06	0.000992188
1.888e-06	0.00197656
1.889e-06	-0.001
1.8900000000000001e-06	3.125e-05
1.8910000000000002e-06	2.34375e-05
1.8919999999999998e-06	-0.003
1.893e-06	-1.5625e-05
1.894e-06	7.8125e-06
1.895e-06	0.002
1.8960000000000001e-06	-1.5625e-05
1.8970000000000002e-06	-0.00100781
1.8979999999999999e-06	-1.5625e-05
1.899e-06	0.0
1.9e-06	7.8125e-06
1.901e-06	0.003
1.9020000000000002e-06	0.001
1.9029999999999998e-06	0.00100781
1.904e-06	2.34375e-05
1.905e-06	0.00299219
1.906e-06	-0.00107813
1.9070000000000001e-06	1.5625e-05
1.9079999999999998e-06	0.00102344
1.909e-06	0.002
1.91e-06	0.001
1.911e-06	0.00105469
1.912e-06	-0.00100781
1.913e-06	0.00103906
1.914e-06	0.00197656
1.915e-06	-3.125e-05
1.9160000000000004e-06	4.6875e-05
1.917e-06	0.00300781
1.9179999999999997e-06	0.000945313
1.919e-06	7.8125e-06
1.92e-06	0.00103906
1.9210000000000003e-06	0.000984375
1.922e-06	-0.00200781
1.9229999999999996e-06	0.00101563
1.924e-06	0.00301563
1.9249999999999998e-06	0.00402344
1.9260000000000003e-06	0.0
1.927e-06	-0.00103906
1.9279999999999996e-06	0.00096875
1.929e-06	-0.00301563
1.9299999999999997e-06	0.00301563
1.9310000000000002e-06	-0.00096875
1.932e-06	0.001
1.9330000000000004e-06	-0.000984375
1.934e-06	-0.00100781
1.9349999999999997e-06	-0.00102344
1.936e-06	0.00300781
1.937e-06	0.00104688
1.9380000000000003e-06	0.0019375
1.939e-06	0.00103906
1.9399999999999996e-06	-0.002
1.941e-06	-3.90625e-05
1.9419999999999998e-06	0.001
1.9430000000000003e-06	7.8125e-06
1.944e-06	0.0
1.9449999999999996e-06	-7.8125e-06
1.946e-06	0.00100781
1.9469999999999997e-06	0.001
1.9480000000000002e-06	0.001
1.949e-06	0.000992188
1.9500000000000004e-06	0.00101563
1.951e-06	-0.00114063
1.9519999999999997e-06	0.00195313
1.953e-06	-0.00300781
1.954e-06	2.34375e-05
1.9550000000000003e-06	-0.00203906
1.956e-06	-0.00299219
1.9569999999999996e-06	-0.00303125
1.958e-06	-0.00610938
1.959e-06	-0.007
1.9600000000000003e-06	-0.00804688
1.961e-06	-0.0120234
1.9619999999999996e-06	-0.0139766
1.963e-06	-0.012
1.9639999999999997e-06	-0.0149922
1.9650000000000002e-06	-0.0150156
1.966e-06	-0.014
1.9670000000000004e-06	-0.0130156
1.968e-06	-0.0110234
1.9689999999999997e-06	-0.00800781
1.97e-06	-0.01
1.971e-06	-0.0080625
1.9720000000000003e-06	-0.004
1.973e-06	-0.00499219
1.9739999999999997e-06	-0.004
1.975e-06	-0.005
1.976e-06	-0.004
1.9770000000000003e-06	-0.00496875
1.978e-06	-0.00405469
1.9789999999999996e-06	-0.00103125
1.98e-06	-0.000992188
1.9809999999999998e-06	-0.00192188
1.9820000000000003e-06	-0.005
1.983e-06	-0.00302344
1.9840000000000004e-06	-0.004
1.985e-06	-0.00301563
1.9859999999999997e-06	-0.001
1.987e-06	-0.00199219
1.988e-06	-0.002
1.9890000000000004e-06	-0.00296875
1.99e-06	-0.00303125
1.9909999999999997e-06	-0.002
1.992e-06	-0.002
1.993e-06	-0.003
1.9940000000000003e-06	-0.00597656
1.995e-06	0.0
1.9959999999999996e-06	-0.00204688
1.997e-06	-0.002
1.9979999999999998e-06	-0.00196875
1.9990000000000003e-06	0.0
