0.0	-1.5625e-05
1.0000000000000751e-09	-0.001
2.0000000000001503e-09	-0.001
3.0000000000002254e-09	-0.00101563
4.0000000000003005e-09	-4.6875e-05
4.999999999999952e-09	2.34375e-05
6.000000000000027e-09	-0.002
7.000000000000102e-09	7.8125e-06
8.000000000000178e-09	-0.003
9.000000000000253e-09	-3.125e-05
9.999999999999904e-09	0.0
1.099999999999998e-08	-0.001
1.2000000000000055e-08	-0.000960938
1.300000000000013e-08	0.002
1.4000000000000205e-08	0.00199219
1.500000000000028e-08	0.002
1.599999999999993e-08	1.5625e-05
1.700000000000043e-08	-0.00200781
1.8000000000000082e-08	-0.001
1.9000000000000157e-08	-0.001
2.0000000000000232e-08	-3.90625e-05
2.0999999999999884e-08	-0.00302344
2.199999999999996e-08	-0.00300781
2.3000000000000034e-08	-0.00503125
2.400000000000011e-08	-0.00497656
2.5000000000000184e-08	-0.00398438
2.600000000000026e-08	-0.00401563
2.699999999999991e-08	-0.00500781
2.7999999999999986e-08	-0.005
2.900000000000006e-08	-0.005
3.0000000000000136e-08	-0.00499219
3.100000000000021e-08	-0.00701563
3.2000000000000287e-08	-0.005
3.299999999999994e-08	-0.00798438
3.400000000000001e-08	-0.0100391
3.500000000000009e-08	-0.00897656
3.6000000000000164e-08	-0.016
3.700000000000024e-08	-0.0199844
3.799999999999989e-08	-0.023
3.8999999999999965e-08	-0.0250078
4.000000000000004e-08	-0.0280156
4.1000000000000116e-08	-0.031
4.200000000000019e-08	-0.031
4.3000000000000266e-08	-0.0300859
4.399999999999992e-08	-0.0270547
4.499999999999999e-08	-0.0240547
4.600000000000007e-08	-0.0210703
4.700000000000014e-08	-0.0150469
4.800000000000064e-08	-0.0179766
4.900000000000029e-08	-0.0150312
4.9999999999999945e-08	-0.0150234
5.100000000000002e-08	-0.0100234
5.2000000000000095e-08	-0.00999219
5.300000000000017e-08	-0.007
5.4000000000000245e-08	-0.009
5.49999999999999e-08	-0.00703125
5.599999999999955e-08	-0.0089375
5.700000000000005e-08	-0.008
5.800000000000012e-08	-0.006
5.90000000000002e-08	-0.005
6.000000000000027e-08	-0.00403125
6.099999999999992e-08	-0.008
6.2e-08	-0.00395313
6.300000000000007e-08	-0.005
6.400000000000015e-08	-0.00498438
6.500000000000022e-08	-0.00500781
6.60000000000003e-08	-0.00600781
6.699999999999995e-08	-0.008
6.800000000000003e-08	-0.0100156
6.90000000000001e-08	-0.0119922
7.000000000000018e-08	-0.0169688
7.100000000000025e-08	-0.0198984
7.19999999999999e-08	-0.0239766
7.299999999999998e-08	-0.0259531
7.400000000000005e-08	-0.0290078
7.500000000000013e-08	-0.0280391
7.60000000000002e-08	-0.0269766
7.700000000000028e-08	-0.0290391
7.799999999999993e-08	-0.0250234
7.9e-08	-0.024
8.000000000000008e-08	-0.0220156
8.100000000000016e-08	-0.0199609
8.200000000000023e-08	-0.0220234
8.299999999999988e-08	-0.0189219
8.399999999999996e-08	-0.025
8.500000000000003e-08	-0.0270156
8.600000000000011e-08	-0.0289922
8.699999999999976e-08	-0.0300078
8.800000000000026e-08	-0.0340313
8.899999999999991e-08	-0.038
8.999999999999999e-08	-0.042
9.100000000000006e-08	-0.0389688
9.200000000000014e-08	-0.0379375
9.300000000000021e-08	-0.0349922
9.400000000000029e-08	-0.0309687
9.499999999999994e-08	-0.0271641
9.600000000000001e-08	-0.0221719
9.700000000000009e-08	-0.0199453
9.800000000000016e-08	-0.0179063
9.900000000000024e-08	-0.0159688
9.999999999999989e-08	-0.0139297
1.0099999999999996e-07	-0.0130391
1.0200000000000004e-07	-0.0170234
1.0300000000000011e-07	-0.0149609
1.0400000000000019e-07	-0.0139766
1.0500000000000027e-07	-0.0119844
1.0599999999999992e-07	-0.0120078
1.0699999999999999e-07	-0.0140391
1.0800000000000007e-07	-0.0180234
1.0900000000000014e-07	-0.015
1.1000000000000022e-07	-0.02
1.1100000000000029e-07	-0.0209844
1.1199999999999994e-07	-0.0240078
1.1300000000000002e-07	-0.0230313
1.140000000000001e-07	-0.0229922
1.1500000000000017e-07	-0.0250078
1.1600000000000024e-07	-0.0210234
1.169999999999999e-07	-0.02
1.1799999999999997e-07	-0.0189922
1.1900000000000005e-07	-0.017
1.2000000000000012e-07	-0.017
1.210000000000002e-07	-0.0160312
1.2200000000000027e-07	-0.0140625
1.2299999999999992e-07	-0.0130156
1.24e-07	-0.011
1.2500000000000007e-07	-0.00999219
1.2600000000000015e-07	-0.011
1.2700000000000022e-07	-0.0110625
1.280000000000003e-07	-0.00697656
1.2899999999999995e-07	-0.00599219
1.3000000000000003e-07	-0.00701563
1.310000000000001e-07	-0.008
1.3200000000000018e-07	-0.00900781
1.3300000000000025e-07	-0.00801563
1.339999999999999e-07	-0.005
1.3499999999999998e-07	-0.00599219
1.3600000000000005e-07	-0.00414063
1.3700000000000013e-07	-0.00407813
1.380000000000002e-07	-0.00805469
1.3900000000000028e-07	-0.00592969
1.3999999999999993e-07	-0.0040625
1.41e-07	-0.00704687
1.4200000000000008e-07	-0.00700781
1.4300000000000016e-07	-0.00803125
1.4400000000000023e-07	-0.00803906
1.4499999999999988e-07	-0.0100156
1.4599999999999996e-07	-0.011
1.4700000000000003e-07	-0.0120469
1.480000000000001e-07	-0.0170234
1.4900000000000018e-07	-0.016
1.5000000000000026e-07	-0.0180234
1.509999999999999e-07	-0.021
1.5199999999999998e-07	-0.0189531
1.5300000000000006e-07	-0.017
1.5400000000000013e-07	-0.0180156
1.550000000000002e-07	-0.02
1.5600000000000029e-07	-0.0240703
1.5700000000000036e-07	-0.0290469
1.58e-07	-0.0280391
1.590000000000001e-07	-0.0389375
1.6000000000000016e-07	-0.0440547
1.6100000000000024e-07	-0.0528828
1.619999999999999e-07	-0.0648281
1.6299999999999996e-07	-0.0719609
1.6400000000000004e-07	-0.0760312
1.6500000000000011e-07	-0.0800078
1.660000000000002e-07	-0.078
1.6700000000000026e-07	-0.0750078
1.6799999999999992e-07	-0.073
1.69e-07	-0.0669609
1.7000000000000007e-07	-0.0627813
1.7100000000000014e-07	-0.0549844
1.7200000000000022e-07	-0.0529297
1.730000000000003e-07	-0.051
1.7399999999999994e-07	-0.0539844
1.7500000000000002e-07	-0.0549375
1.760000000000001e-07	-0.057
1.7700000000000017e-07	-0.0570391
1.7800000000000024e-07	-0.0620547
1.789999999999999e-07	-0.0599688
1.7999999999999997e-07	-0.0579375
1.8100000000000005e-07	-0.0529766
1.8200000000000012e-07	-0.0509453
1.830000000000002e-07	-0.0449922
1.8400000000000027e-07	-0.0408125
1.8499999999999992e-07	-0.0359844
1.86e-07	-0.0370078
1.8700000000000007e-07	-0.0299609
1.8799999999999972e-07	-0.0270234
1.8900000000000022e-07	-0.0269922
1.900000000000003e-07	-0.026
1.9099999999999995e-07	-0.0250078
1.9200000000000003e-07	-0.024
1.930000000000001e-07	-0.0220078
1.9400000000000018e-07	-0.0210078
1.9500000000000025e-07	-0.021
1.959999999999999e-07	-0.0200078
1.9699999999999998e-07	-0.019
1.9800000000000005e-07	-0.0190078
1.9900000000000013e-07	-0.0180234
2.000000000000002e-07	-0.0139922
2.0100000000000028e-07	-0.0150312
2.0199999999999993e-07	-0.0121328
2.03e-07	-0.0109844
2.0400000000000008e-07	-0.012
2.0500000000000015e-07	-0.01
2.0600000000000023e-07	-0.0109922
2.0699999999999988e-07	-0.00803125
2.0799999999999996e-07	-0.008
2.0900000000000003e-07	-0.0110078
2.100000000000001e-07	-0.00595313
2.1100000000000018e-07	-0.008
2.1200000000000026e-07	-0.00901563
2.129999999999999e-07	-0.0110156
2.1399999999999998e-07	-0.012
2.1500000000000006e-07	-0.0166484
2.1600000000000013e-07	-0.0211172
2.170000000000002e-07	-0.0250469
2.1800000000000028e-07	-0.0322812
2.1899999999999994e-07	-0.0400703
2.2e-07	-0.0480781
2.2100000000000009e-07	-0.0550938
2.2200000000000016e-07	-0.0580312
2.2300000000000024e-07	-0.0559531
2.239999999999999e-07	-0.0539844
2.2499999999999996e-07	-0.0519766
2.2600000000000004e-07	-0.0469844
2.2700000000000011e-07	-0.044
2.280000000000002e-07	-0.0430156
2.2900000000000026e-07	-0.0410156
2.2999999999999992e-07	-0.041
2.31e-07	-0.0409922
2.3200000000000007e-07	-0.0440078
2.3300000000000014e-07	-0.0429922
2.3400000000000022e-07	-0.047
2.350000000000003e-07	-0.0450078
2.3599999999999994e-07	-0.046
2.3700000000000002e-07	-0.0420156
2.380000000000001e-07	-0.0389922
2.3900000000000017e-07	-0.0350078
2.4000000000000024e-07	-0.034
2.409999999999999e-07	-0.0332031
2.4199999999999997e-07	-0.0270703
2.4300000000000005e-07	-0.0260156
2.440000000000001e-07	-0.0230703
2.450000000000002e-07	-0.0189844
2.4600000000000027e-07	-0.0229688
2.469999999999999e-07	-0.0200469
2.48e-07	-0.0190234
2.4900000000000007e-07	-0.0150156
2.5000000000000015e-07	-0.0160078
2.510000000000002e-07	-0.0159922
2.520000000000003e-07	-0.017
2.5299999999999995e-07	-0.0140859
2.54e-07	-0.0130078
2.550000000000001e-07	-0.013
2.560000000000002e-07	-0.0129844
2.5700000000000025e-07	-0.012
2.580000000000003e-07	-0.0150156
2.59e-07	-0.013
2.6000000000000005e-07	-0.0120313
2.6100000000000013e-07	-0.014
2.620000000000002e-07	-0.0119844
2.630000000000003e-07	-0.0130078
2.6399999999999993e-07	-0.0130234
2.65e-07	-0.0160078
2.660000000000001e-07	-0.0129922
2.6700000000000015e-07	-0.0139922
2.6800000000000023e-07	-0.0149922
2.689999999999999e-07	-0.0169688
2.6999999999999996e-07	-0.0170156
2.7100000000000003e-07	-0.0160234
2.720000000000001e-07	-0.0149922
2.730000000000002e-07	-0.014
2.7400000000000026e-07	-0.014
2.749999999999999e-07	-0.0120391
2.76e-07	-0.0110078
2.7700000000000006e-07	-0.00998438
2.7800000000000013e-07	-0.012
2.790000000000002e-07	-0.0110078
2.800000000000003e-07	-0.012
2.8099999999999994e-07	-0.0110234
2.82e-07	-0.012
2.830000000000001e-07	-0.0120156
2.8400000000000016e-07	-0.00998438
2.8500000000000024e-07	-0.00996875
2.859999999999999e-07	-0.013
2.8699999999999996e-07	-0.009
2.8800000000000004e-07	-0.0109688
2.8900000000000054e-07	-0.00598438
2.900000000000002e-07	-0.00904687
2.9100000000000026e-07	-0.00698437
2.919999999999999e-07	-0.007
2.93e-07	-0.00603125
2.9400000000000007e-07	-0.00598438
2.9500000000000014e-07	-0.00705469
2.960000000000002e-07	-0.00902344
2.970000000000003e-07	-0.00799219
2.9799999999999994e-07	-0.0101016
2.99e-07	-0.0140469
3.000000000000001e-07	-0.0180937
3.0100000000000017e-07	-0.0210859
3.0200000000000024e-07	-0.0282344
3.029999999999999e-07	-0.0320078
3.0399999999999997e-07	-0.0351484
3.0500000000000004e-07	-0.0410156
3.060000000000001e-07	-0.0409844
3.070000000000002e-07	-0.04
3.0800000000000027e-07	-0.036
3.089999999999999e-07	-0.0320156
3.1e-07	-0.0299766
3.1100000000000007e-07	-0.0250312
3.1200000000000015e-07	-0.0250234
3.130000000000002e-07	-0.0200078
3.140000000000003e-07	-0.0209844
3.1499999999999995e-07	-0.0180625
3.16e-07	-0.0159922
3.170000000000001e-07	-0.0160078
3.180000000000002e-07	-0.014
3.1900000000000025e-07	-0.0149844
3.199999999999999e-07	-0.0141016
3.21e-07	-0.0110312
3.2200000000000005e-07	-0.011
3.230000000000001e-07	-0.0129531
3.240000000000002e-07	-0.0140156
3.250000000000003e-07	-0.0100859
3.2599999999999993e-07	-0.008
3.27e-07	-0.00797656
3.2799999999999965e-07	-0.00998438
3.2900000000000015e-07	-0.007
3.3000000000000023e-07	-0.0100547
3.309999999999999e-07	-0.0100156
3.3199999999999996e-07	-0.00598438
3.3300000000000003e-07	-0.0108828
3.340000000000001e-07	-0.00829688
3.350000000000002e-07	-0.005
3.3600000000000026e-07	-0.00707813
3.369999999999999e-07	-0.00796094
3.38e-07	-0.00496875
3.3900000000000006e-07	-0.0070625
3.4000000000000013e-07	-0.008
3.410000000000002e-07	-0.00694531
3.420000000000003e-07	-0.00499219
3.4299999999999993e-07	-0.00701563
3.44e-07	-0.00900781
3.450000000000001e-07	-0.00797656
3.4600000000000016e-07	-0.00800781
3.4700000000000024e-07	-0.01
3.479999999999999e-07	-0.0130234
3.4899999999999996e-07	-0.0159922
3.5000000000000004e-07	-0.0160391
3.510000000000001e-07	-0.02
3.520000000000002e-07	-0.0159688
3.5300000000000026e-07	-0.0179766
3.539999999999999e-07	-0.0190234
3.55e-07	-0.0200078
3.5600000000000006e-07	-0.0159453
3.5700000000000014e-07	-0.0130156
3.580000000000002e-07	-0.0119922
3.5899999999999987e-07	-0.0109766
3.5999999999999994e-07	-0.0130234
3.61e-07	-0.00901563
3.620000000000001e-07	-0.00899219
3.6300000000000017e-07	-0.00700781
3.6400000000000024e-07	-0.008
3.649999999999999e-07	-0.00897656
3.6599999999999997e-07	-0.00998438
3.6700000000000004e-07	-0.00699219
3.680000000000001e-07	-0.00797656
3.690000000000002e-07	-0.00499219
3.7000000000000027e-07	-0.00602344
3.709999999999999e-07	-0.006
3.72e-07	-0.00700781
3.7300000000000007e-07	-0.00503125
3.7400000000000015e-07	-0.00496875
3.750000000000002e-07	-0.00197656
3.760000000000003e-07	-0.00305469
3.7699999999999995e-07	-0.00503906
3.78e-07	-0.00596094
3.790000000000001e-07	-0.00195313
3.8000000000000017e-07	-0.00103125
3.8100000000000025e-07	-0.00300781
3.819999999999999e-07	-0.00199219
3.83e-07	-0.00300781
3.8400000000000005e-07	-0.00402344
3.850000000000001e-07	-0.00498438
3.860000000000002e-07	2.34375e-05
3.870000000000003e-07	-0.000960938
3.8799999999999993e-07	-0.003
3.89e-07	-0.00403906
3.900000000000001e-07	-0.00102344
3.9100000000000015e-07	-0.00499219
3.9200000000000023e-07	4.6875e-05
3.929999999999999e-07	3.90625e-05
3.9399999999999995e-07	-0.00299219
3.9500000000000003e-07	-0.00302344
3.960000000000001e-07	-0.00200781
3.970000000000002e-07	-0.003
3.9800000000000026e-07	-0.000976563
3.989999999999999e-07	-0.000960938
4e-07	-0.00199219
4.0100000000000006e-07	-0.002
4.0200000000000013e-07	-0.003
4.030000000000002e-07	-0.00303125
4.040000000000003e-07	-0.00100781
4.0499999999999993e-07	-0.00400781
4.06e-07	0.0
4.070000000000001e-07	-0.00199219
4.0800000000000016e-07	-0.00195313
4.0900000000000023e-07	0.001
4.099999999999999e-07	-0.00103906
4.1099999999999996e-07	-0.00201563
4.1200000000000004e-07	-0.00100781
4.130000000000001e-07	-0.00289063
4.140000000000002e-07	-0.00405469
4.1500000000000026e-07	-0.005
4.159999999999999e-07	-0.00411719
4.17e-07	-0.0110703
4.1800000000000006e-07	-0.0150469
4.1900000000000014e-07	-0.0200156
4.200000000000002e-07	-0.0201797
4.210000000000003e-07	-0.0281016
4.2199999999999994e-07	-0.0279688
4.23e-07	-0.0269922
4.240000000000001e-07	-0.0249844
4.2500000000000017e-07	-0.022
4.2600000000000024e-07	-0.0230156
4.269999999999999e-07	-0.0180469
4.2799999999999997e-07	-0.016
4.289999999999996e-07	-0.013
4.300000000000001e-07	-0.016
4.310000000000002e-07	-0.0110156
4.3200000000000027e-07	-0.012
4.329999999999999e-07	-0.0120313
4.34e-07	-0.008
4.3500000000000007e-07	-0.00599219
4.3600000000000015e-07	-0.006
4.370000000000002e-07	-0.00599219
4.380000000000003e-07	-0.008
4.3899999999999995e-07	-0.00707813
4.4e-07	-0.00600781
4.410000000000001e-07	-0.00602344
4.4200000000000017e-07	-0.00500781
4.4300000000000025e-07	-0.00501563
4.439999999999999e-07	-0.00402344
4.45e-07	-0.00300781
4.4600000000000005e-07	-0.00300781
4.470000000000001e-07	-0.00200781
4.480000000000002e-07	-0.00200781
4.490000000000003e-07	-0.004
4.4999999999999993e-07	-0.003
4.51e-07	-0.00401563
4.520000000000001e-07	-0.00111719
4.5300000000000015e-07	-0.001
4.5400000000000023e-07	-0.003
4.549999999999999e-07	-0.002
4.5599999999999995e-07	-0.00401563
4.5700000000000003e-07	-0.003
4.580000000000001e-07	-0.00198438
4.590000000000002e-07	-0.002
4.600000000000007e-07	-0.00398438
4.609999999999999e-07	-0.002
4.62e-07	-0.00400781
4.6300000000000006e-07	-0.00301563
4.6400000000000013e-07	-0.00400781
4.650000000000002e-07	-0.005
4.660000000000003e-07	-0.00301563
4.6699999999999993e-07	-0.000992188
4.68e-07	-0.00200781
4.690000000000001e-07	-7.8125e-06
4.7000000000000016e-07	-0.00200781
4.7100000000000023e-07	-0.002
4.719999999999999e-07	-0.00300781
4.7299999999999996e-07	-0.002
4.7400000000000004e-07	-0.003
4.750000000000001e-07	-0.002
4.760000000000002e-07	-0.00300781
4.770000000000003e-07	-0.00105469
4.779999999999999e-07	-0.00096875
4.79e-07	-0.00302344
4.800000000000001e-07	-0.001
4.810000000000001e-07	-0.00198438
4.820000000000002e-07	-0.00400781
4.830000000000003e-07	-0.00401563
4.839999999999999e-07	-0.00400781
4.85e-07	-0.005
4.860000000000001e-07	-0.00700781
4.870000000000002e-07	-0.00496875
4.880000000000002e-07	-0.00294531
4.889999999999999e-07	-0.00200781
4.9e-07	-0.00303125
4.91e-07	-0.00403125
4.920000000000001e-07	-0.00203906
4.930000000000002e-07	-0.00305469
4.940000000000003e-07	-0.00394531
4.949999999999999e-07	-0.000960938
4.96e-07	-0.00104688
4.970000000000001e-07	-0.00199219
4.980000000000001e-07	-0.00104688
4.990000000000002e-07	-0.004
5.000000000000003e-07	-0.000960938
5.009999999999999e-07	-0.002
5.02e-07	2.34375e-05
5.030000000000001e-07	-0.00202344
5.040000000000002e-07	-0.00299219
5.050000000000002e-07	-0.002
5.059999999999999e-07	-0.001
5.07e-07	-0.001
5.08e-07	-0.001
5.090000000000001e-07	-0.000984375
5.100000000000002e-07	-0.00200781
5.110000000000003e-07	7.8125e-06
5.119999999999999e-07	-0.002
5.13e-07	0.00096875
5.140000000000001e-07	-7.8125e-06
5.150000000000002e-07	-7.8125e-06
5.160000000000002e-07	-0.00100781
5.170000000000003e-07	-0.00199219
5.18e-07	-0.00110938
5.19e-07	0.00200781
5.200000000000001e-07	-0.001
5.210000000000002e-07	-3.90625e-05
5.220000000000003e-07	0.001
5.229999999999999e-07	0.0
5.24e-07	-7.8125e-06
5.250000000000001e-07	-0.00199219
5.260000000000001e-07	-0.00096875
5.270000000000002e-07	0.0
5.280000000000003e-07	-0.00203125
5.289999999999999e-07	-0.00200781
5.300000000000004e-07	-1.5625e-05
5.310000000000001e-07	0.00191406
5.320000000000002e-07	0.00215625
5.330000000000002e-07	-0.00205469
5.339999999999999e-07	-0.00090625
5.35e-07	0.00202344
5.36e-07	0.0009375
5.370000000000001e-07	-2.34375e-05
5.380000000000002e-07	-0.00100781
5.390000000000003e-07	-0.00102344
5.399999999999999e-07	-0.00199219
5.41e-07	7.8125e-06
5.420000000000001e-07	0.000976563
5.430000000000001e-07	0.0
5.440000000000002e-07	0.000992188
5.450000000000003e-07	-0.001
5.459999999999999e-07	-7.8125e-06
5.47e-07	-0.00199219
5.480000000000001e-07	-0.00297656
5.490000000000002e-07	0.0
5.500000000000002e-07	0.0
5.509999999999999e-07	7.8125e-06
5.52e-07	-0.00303906
5.53e-07	-0.00302344
5.540000000000001e-07	3.90625e-05
5.550000000000002e-07	0.001
5.560000000000003e-07	-0.00100781
5.569999999999999e-07	-3.90625e-05
5.58e-07	0.00104688
5.590000000000001e-07	-0.00299219
5.600000000000001e-07	-0.000984375
5.610000000000006e-07	0.001
5.620000000000003e-07	0.002
5.629999999999999e-07	0.00102344
5.64e-07	-0.00100781
5.650000000000001e-07	-0.00200781
5.660000000000002e-07	-0.00192188
5.670000000000002e-07	0.00200781
5.679999999999999e-07	-4.6875e-05
5.689999999999995e-07	0.0
5.7e-07	-0.001
5.710000000000001e-07	3.125e-05
5.720000000000002e-07	-0.00200781
5.730000000000003e-07	3.90625e-05
5.739999999999999e-07	0.000976563
5.75e-07	-0.00103906
5.760000000000001e-07	-0.00195313
5.770000000000002e-07	0.000976563
5.780000000000002e-07	-0.00301563
5.790000000000003e-07	0.00103906
5.8e-07	0.000882813
5.81e-07	-0.00200781
5.820000000000001e-07	-1.5625e-05
5.830000000000002e-07	-0.004
5.840000000000003e-07	4.6875e-05
5.849999999999999e-07	0.00200781
5.86e-07	0.0
5.870000000000001e-07	-0.000992188
5.880000000000001e-07	-0.00200781
5.890000000000002e-07	-0.00202344
5.900000000000003e-07	2.34375e-05
5.909999999999999e-07	-0.00192969
5.92e-07	-0.00798438
5.930000000000001e-07	-0.00700781
5.940000000000002e-07	-0.0140703
5.950000000000002e-07	-0.0150078
5.959999999999999e-07	-0.0230781
5.97e-07	-0.0268672
5.98e-07	-0.0299219
5.990000000000001e-07	-0.0300234
5.999999999999998e-07	-0.029
6.010000000000003e-07	-0.0290391
6.019999999999999e-07	-0.0229766
6.03e-07	-0.0219844
6.040000000000001e-07	-0.019
6.050000000000001e-07	-0.0170156
6.060000000000002e-07	-0.0159844
6.070000000000003e-07	-0.014
6.079999999999999e-07	-0.0109922
6.09e-07	-0.0110078
6.100000000000001e-07	-0.00899219
6.110000000000002e-07	-0.0118906
6.120000000000002e-07	-0.00985938
6.129999999999999e-07	-0.006
6.14e-07	-0.00898438
6.15e-07	-0.00496094
6.160000000000001e-07	-0.00604688
6.170000000000002e-07	-0.008
6.180000000000003e-07	-0.00594531
6.189999999999999e-07	-0.00496875
6.2e-07	-0.00301563
6.210000000000001e-07	-0.005
6.220000000000001e-07	-0.00199219
6.230000000000002e-07	-0.003
6.240000000000003e-07	-0.00200781
6.249999999999999e-07	-0.00200781
6.26e-07	-0.002
6.270000000000001e-07	-0.00399219
6.280000000000002e-07	-0.00505469
6.290000000000002e-07	0.001
6.299999999999999e-07	-0.005
6.31e-07	-0.0050625
6.32e-07	-0.001
6.330000000000001e-07	-0.00299219
6.340000000000002e-07	-0.001
6.350000000000003e-07	-0.003
6.359999999999999e-07	-0.002
6.37e-07	-0.00395313
6.380000000000001e-07	-0.00207813
6.390000000000002e-07	0.00101563
6.400000000000002e-07	-0.000992188
6.410000000000003e-07	-0.000945313
6.42e-07	-0.00496094
6.43e-07	-0.00403906
6.440000000000001e-07	-0.00300781
6.450000000000002e-07	-0.00200781
6.460000000000003e-07	-0.000992188
6.469999999999999e-07	7.8125e-06
6.48e-07	-0.001
6.490000000000001e-07	0.0
6.500000000000001e-07	-0.001
6.510000000000002e-07	0.0
6.520000000000003e-07	-0.000992188
6.529999999999999e-07	0.0
6.54e-07	-0.00401563
6.550000000000001e-07	-0.003
6.560000000000002e-07	-0.00399219
6.570000000000002e-07	-0.003
6.579999999999999e-07	-0.00598438
6.59e-07	-0.00401563
6.6e-07	-0.009
6.610000000000001e-07	-0.00304688
6.620000000000002e-07	-0.00400781
6.630000000000003e-07	-0.00502344
6.639999999999999e-07	-0.00100781
6.65e-07	-0.00292969
6.660000000000001e-07	-0.00400781
6.670000000000001e-07	-0.00301563
6.680000000000002e-07	-0.003
6.690000000000003e-07	-0.00300781
6.699999999999995e-07	-0.00200781
6.71e-07	-0.00198438
6.720000000000001e-07	-0.00299219
6.730000000000002e-07	-0.00300781
6.740000000000002e-07	-0.00201563
6.749999999999999e-07	-6.25e-05
6.76e-07	0.00103125
6.77e-07	-0.00290625
6.780000000000001e-07	-0.002
6.790000000000002e-07	-0.00200781
6.800000000000003e-07	1.5625e-05
6.809999999999999e-07	2.34375e-05
6.82e-07	-0.002
6.830000000000001e-07	0.0
6.840000000000001e-07	-0.00200781
6.850000000000002e-07	2.34375e-05
6.860000000000003e-07	-2.34375e-05
6.869999999999999e-07	-0.00102344
6.88e-07	-0.00298438
6.890000000000001e-07	-3.125e-05
6.900000000000002e-07	-0.000992188
6.910000000000002e-07	7.8125e-06
6.919999999999999e-07	-0.00100781
6.93e-07	0.0
6.94e-07	-0.001
6.950000000000001e-07	-7.8125e-06
6.960000000000002e-07	-0.000984375
6.970000000000003e-07	0.00100781
6.979999999999999e-07	0.0
6.99e-07	0.000992188
7.000000000000001e-07	-0.00101563
7.010000000000006e-07	0.0
7.020000000000002e-07	-0.000992188
7.030000000000003e-07	0.001
7.04e-07	-0.002
7.05e-07	-0.00100781
7.060000000000001e-07	-0.002
7.070000000000002e-07	0.0
7.080000000000003e-07	-0.002
7.089999999999999e-07	0.0
7.1e-07	-0.00297656
7.110000000000001e-07	-0.0020625
7.120000000000001e-07	0.00100781
7.130000000000002e-07	-7.8125e-06
7.140000000000003e-07	0.00199219
7.149999999999999e-07	-0.000914063
7.16e-07	-0.00403906
7.170000000000001e-07	-0.00101563
7.180000000000002e-07	-0.003
7.190000000000002e-07	-0.00101563
7.199999999999999e-07	-0.002
7.21e-07	-0.001
7.22e-07	-0.002
7.230000000000001e-07	0.0
7.240000000000002e-07	-0.000976563
7.250000000000003e-07	0.002
7.259999999999999e-07	-0.00203906
7.27e-07	-0.00100781
7.280000000000001e-07	-0.000984375
7.290000000000001e-07	-0.00207813
7.300000000000002e-07	0.000960938
7.310000000000003e-07	-0.00104688
7.319999999999999e-07	-0.00096875
7.33e-07	2.34375e-05
7.340000000000001e-07	0.00104688
7.350000000000002e-07	0.000945313
7.360000000000002e-07	-0.00202344
7.369999999999999e-07	7.03125e-05
7.38e-07	0.000960938
7.39e-07	-0.00101563
7.400000000000001e-07	-0.00195313
7.410000000000002e-07	-7.8125e-06
7.420000000000003e-07	-0.00199219
7.429999999999999e-07	0.001
7.44e-07	-0.00100781
7.450000000000001e-07	0.0
7.460000000000001e-07	-0.00102344
7.470000000000002e-07	-0.001
7.480000000000003e-07	0.00100781
7.489999999999999e-07	-7.8125e-06
7.5e-07	-3.90625e-05
7.510000000000001e-07	-0.00398438
7.520000000000002e-07	-0.00195313
7.530000000000002e-07	-7.8125e-06
7.539999999999999e-07	-0.00100781
7.55e-07	-0.001
7.56e-07	-0.00101563
7.570000000000001e-07	-7.8125e-06
7.580000000000002e-07	-7.8125e-06
7.590000000000003e-07	-0.000992188
7.599999999999999e-07	0.0
7.61e-07	0.002
7.620000000000001e-07	-2.34375e-05
7.630000000000001e-07	-0.001
7.640000000000002e-07	-7.8125e-06
7.650000000000003e-07	1.5625e-05
7.66e-07	0.000945313
7.67e-07	-0.00299219
7.680000000000001e-07	-0.00101563
7.690000000000002e-07	0.00105469
7.700000000000003e-07	-0.00100781
7.710000000000003e-07	0.00102344
7.72e-07	0.000960938
7.73e-07	-1.5625e-05
7.740000000000001e-07	-0.00103125
7.750000000000002e-07	-0.00198438
7.760000000000003e-07	7.8125e-06
7.769999999999999e-07	-0.00203906
7.78e-07	-0.00395313
7.790000000000001e-07	-0.000992188
7.800000000000002e-07	-0.00201563
7.810000000000002e-07	7.8125e-06
7.819999999999999e-07	0.000984375
7.83e-07	-7.8125e-06
7.84e-07	0.001
7.850000000000001e-07	-0.00196094
7.860000000000002e-07	-0.00299219
7.870000000000003e-07	-0.00101563
7.879999999999999e-07	0.00101563
7.89e-07	0.00203125
7.900000000000001e-07	-0.001
7.910000000000001e-07	0.000984375
7.920000000000002e-07	-0.00104688
7.930000000000003e-07	-0.00200781
7.939999999999999e-07	-0.000984375
7.95e-07	-0.000945313
7.960000000000001e-07	-0.00207813
7.970000000000002e-07	0.001
7.980000000000002e-07	-0.002
7.989999999999999e-07	-0.00101563
8e-07	-0.000992188
8.01e-07	0.001
8.020000000000005e-07	0.0
8.030000000000002e-07	0.001
8.040000000000003e-07	-0.00103125
8.049999999999999e-07	-0.001
8.06e-07	-7.8125e-06
8.070000000000001e-07	-0.001
8.080000000000001e-07	0.000976563
8.090000000000002e-07	0.00109375
8.100000000000003e-07	-0.00103906
8.109999999999999e-07	-0.002
8.12e-07	-0.000984375
8.130000000000001e-07	7.8125e-06
8.140000000000002e-07	-7.8125e-06
8.150000000000002e-07	-0.00104688
8.159999999999999e-07	-0.00299219
8.17e-07	-0.000976563
8.18e-07	-0.000984375
8.190000000000001e-07	0.00100781
8.200000000000002e-07	0.00100781
8.210000000000003e-07	0.002
8.219999999999999e-07	-0.00199219
8.23e-07	-2.34375e-05
8.240000000000001e-07	0.0
8.250000000000001e-07	0.002
8.260000000000002e-07	-0.000992188
8.270000000000003e-07	0.0
8.28e-07	-0.001
8.29e-07	-0.00100781
8.300000000000001e-07	-0.001
8.310000000000002e-07	-0.002
8.320000000000003e-07	2.34375e-05
8.329999999999999e-07	0.00200781
8.34e-07	0.0
8.35e-07	-8.59375e-05
8.360000000000001e-07	0.00103125
8.370000000000002e-07	-0.00197656
8.380000000000003e-07	-3.90625e-05
8.389999999999999e-07	7.03125e-05
8.4e-07	-0.00200781
8.409999999999997e-07	-7.8125e-06
8.420000000000002e-07	-0.00100781
8.430000000000002e-07	0.00199219
8.439999999999999e-07	0.000984375
8.45e-07	-0.001
8.46e-07	-0.001
8.470000000000001e-07	-0.00198438
8.480000000000002e-07	-0.000140625
8.490000000000003e-07	0.002
8.499999999999999e-07	-0.00103906
8.51e-07	-0.002
8.520000000000001e-07	0.00200781
8.530000000000001e-07	0.0
8.540000000000002e-07	7.8125e-06
8.550000000000003e-07	0.0
8.559999999999999e-07	-0.00101563
8.57e-07	7.8125e-06
8.580000000000001e-07	0.00199219
8.590000000000002e-07	7.8125e-06
8.600000000000002e-07	0.001
8.609999999999999e-07	0.0
8.62e-07	0.000992188
8.63e-07	0.00105469
8.640000000000001e-07	-0.00100781
8.650000000000002e-07	3.125e-05
8.660000000000003e-07	-0.003
8.669999999999999e-07	0.000960938
8.68e-07	2.34375e-05
8.690000000000001e-07	-0.00100781
8.700000000000001e-07	-0.001
8.710000000000002e-07	-0.00100781
8.719999999999999e-07	-7.8125e-06
8.729999999999999e-07	0.00100781
8.74e-07	0.0
8.750000000000001e-07	0.000914063
8.760000000000002e-07	0.001
8.770000000000002e-07	-0.000992188
8.779999999999999e-07	0.00103125
8.79e-07	0.00301563
8.8e-07	-7.8125e-06
8.810000000000001e-07	0.001
8.820000000000002e-07	-0.00303125
8.830000000000003e-07	7.03125e-05
8.839999999999999e-07	0.00297656
8.85e-07	-3.125e-05
8.860000000000001e-07	-0.001
8.870000000000001e-07	-0.00100781
8.880000000000002e-07	-3.125e-05
8.890000000000003e-07	-3.125e-05
8.9e-07	-0.00203125
8.91e-07	-0.000953125
8.920000000000001e-07	0.00101563
8.930000000000002e-07	-3.90625e-05
8.940000000000002e-07	-0.00199219
8.949999999999999e-07	-0.001
8.96e-07	-0.000914063
8.97e-07	0.003
8.980000000000001e-07	-1.5625e-05
8.990000000000002e-07	0.002
9.000000000000003e-07	-0.00104688
9.009999999999999e-07	0.0
9.02e-07	-0.001
9.030000000000001e-07	-0.00202344
9.040000000000002e-07	0.00100781
9.050000000000002e-07	2.34375e-05
9.059999999999999e-07	-0.000992188
9.07e-07	-0.00300781
9.08e-07	-3.125e-05
9.090000000000001e-07	3.90625e-05
9.100000000000002e-07	-0.00200781
9.110000000000003e-07	-0.00103125
9.119999999999999e-07	0.001
9.13e-07	-0.000976563
9.140000000000001e-07	-0.001
9.150000000000001e-07	-0.00199219
9.160000000000002e-07	-0.001
9.170000000000003e-07	0.00102344
9.179999999999999e-07	-0.002
9.19e-07	0.000953125
9.200000000000001e-07	-7.8125e-06
9.210000000000002e-07	1.5625e-05
9.220000000000002e-07	-0.00197656
9.229999999999999e-07	0.001
9.24e-07	-0.00301563
9.25e-07	0.000984375
9.260000000000001e-07	0.00101563
9.270000000000002e-07	5.46875e-05
9.280000000000003e-07	-0.0010625
9.289999999999999e-07	0.00101563
9.3e-07	-3.90625e-05
9.310000000000001e-07	1.5625e-05
9.320000000000001e-07	0.00104688
9.330000000000002e-07	0.000945313
9.340000000000003e-07	-0.00201563
9.349999999999999e-07	-0.00100781
9.36e-07	-0.000882813
9.370000000000001e-07	0.00299219
9.380000000000002e-07	-0.00207813
9.390000000000002e-07	4.6875e-05
9.399999999999999e-07	0.000984375
9.41e-07	-0.001
9.420000000000005e-07	-0.002
9.430000000000001e-07	-0.001
9.440000000000002e-07	-0.002
9.450000000000003e-07	0.0
9.459999999999999e-07	0.00100781
9.47e-07	0.00101563
9.480000000000001e-07	-0.00101563
9.490000000000001e-07	-2.34375e-05
9.500000000000002e-07	0.000976563
9.510000000000003e-07	-0.00100781
9.52e-07	0.002
9.53e-07	-0.000992188
9.54e-07	0.000992188
9.550000000000002e-07	-0.001
9.560000000000002e-07	0.001
9.57e-07	2.34375e-05
9.58e-07	-0.002
9.59e-07	0.00297656
9.600000000000001e-07	-0.00105469
9.610000000000002e-07	-0.00199219
9.620000000000003e-07	0.00203906
9.63e-07	0.00200781
9.64e-07	0.00398438
9.65e-07	1.5625e-05
9.660000000000002e-07	-0.00100781
9.670000000000002e-07	0.00100781
9.679999999999999e-07	0.0
9.69e-07	0.000984375
9.7e-07	-0.00203906
9.71e-07	-0.001
9.720000000000002e-07	-0.00199219
9.729999999999998e-07	2.34375e-05
9.74e-07	-2.34375e-05
9.75e-07	-0.00100781
9.76e-07	7.03125e-05
9.770000000000001e-07	0.000984375
9.780000000000002e-07	-0.00300781
9.790000000000003e-07	0.00101563
9.8e-07	0.000984375
9.81e-07	0.000992188
9.82e-07	0.001
9.830000000000002e-07	-0.00101563
9.840000000000002e-07	0.000984375
9.849999999999999e-07	-0.002
9.86e-07	0.00203125
9.87e-07	0.00103906
9.880000000000001e-07	-0.000992188
9.890000000000002e-07	-0.000992188
9.900000000000003e-07	-0.00301563
9.91e-07	-0.00103906
9.92e-07	0.00197656
9.93e-07	-0.00101563
9.940000000000001e-07	0.00288281
9.950000000000002e-07	0.0010625
9.960000000000003e-07	-0.002
9.97e-07	-2.34375e-05
9.98e-07	0.0
9.99e-07	0.000992188
1.0000000000000002e-06	0.001
1.0010000000000002e-06	0.00100781
1.0019999999999999e-06	-0.001
1.003e-06	0.001
1.004e-06	1.5625e-05
1.0050000000000001e-06	0.00202344
1.0060000000000002e-06	-0.00300781
1.0070000000000003e-06	0.001875
1.008e-06	-0.00108594
1.009e-06	-0.001
1.01e-06	4.6875e-05
1.0110000000000001e-06	0.00196094
1.0120000000000002e-06	-0.00301563
1.0130000000000003e-06	2.34375e-05
1.014e-06	-0.00204688
1.015e-06	-0.000992188
1.016e-06	-0.000976563
1.0170000000000002e-06	0.001
1.0180000000000002e-06	-7.8125e-06
1.019e-06	0.0
1.02e-06	-0.002
1.021e-06	-0.00102344
1.0220000000000001e-06	0.0
1.0230000000000002e-06	0.0
1.0240000000000003e-06	-1.5625e-05
1.025e-06	0.002
1.026e-06	0.0
1.027e-06	-0.00100781
1.0280000000000002e-06	0.0
1.0290000000000002e-06	0.000992188
1.0299999999999999e-06	0.00301563
1.031e-06	0.00301563
1.032e-06	-0.001
1.033e-06	-0.00202344
1.0340000000000002e-06	-0.00103125
1.0350000000000003e-06	-7.8125e-06
1.036e-06	0.0
1.037e-06	-0.000953125
1.038e-06	-0.00296875
1.0390000000000001e-06	-0.004
1.0400000000000002e-06	-0.004
1.0410000000000003e-06	-0.004
1.042e-06	-0.00399219
1.0430000000000004e-06	-0.000976563
1.044e-06	-0.007
1.0450000000000002e-06	-0.00320313
1.0460000000000002e-06	-0.000921875
1.0469999999999999e-06	-0.003
1.048e-06	2.34375e-05
1.049e-06	-0.001
1.0500000000000001e-06	-0.00300781
1.0510000000000002e-06	-0.002
1.0520000000000003e-06	-2.34375e-05
1.053e-06	-0.003
1.054e-06	-0.00189063
1.055e-06	0.002
1.0560000000000001e-06	-0.00102344
1.0570000000000002e-06	-0.00100781
1.0580000000000003e-06	-0.002
1.059e-06	-0.00100781
1.06e-06	-0.001
1.061e-06	-0.000929688
1.0620000000000002e-06	-0.00403125
1.0630000000000002e-06	0.00096875
1.0639999999999999e-06	-0.00200781
1.065e-06	-3.125e-05
1.066e-06	0.0
1.0670000000000001e-06	1.5625e-05
1.0680000000000002e-06	-0.00100781
1.0690000000000003e-06	0.0
1.07e-06	-0.001
1.071e-06	-4.6875e-05
1.072e-06	0.00100781
1.0730000000000001e-06	7.8125e-06
1.0740000000000006e-06	0.001
1.0750000000000003e-06	0.00100781
1.076e-06	-7.8125e-06
1.077e-06	0.0
1.078e-06	0.0
1.0790000000000002e-06	0.001
1.0800000000000002e-06	-0.00401563
1.081e-06	5.46875e-05
1.0819999999999996e-06	-6.25e-05
1.083e-06	-0.001
1.0840000000000001e-06	-0.00101563
1.0850000000000002e-06	-0.00203125
1.0860000000000003e-06	0.000914063
1.087e-06	0.000960938
1.088e-06	7.8125e-06
1.089e-06	0.00101563
1.0900000000000002e-06	0.000984375
1.0910000000000002e-06	0.001
1.0920000000000003e-06	0.00100781
1.093e-06	-6.25e-05
1.094e-06	-0.00296094
1.095e-06	0.00101563
1.0960000000000002e-06	-0.001
1.0970000000000003e-06	0.000984375
1.098e-06	-0.003
1.099e-06	0.001
1.1e-06	-0.001
1.1010000000000001e-06	0.00199219
1.1020000000000002e-06	-0.00100781
1.1030000000000003e-06	7.8125e-06
1.104e-06	-0.00299219
1.105e-06	-0.00301563
1.106e-06	-3.125e-05
1.1070000000000002e-06	0.00202344
1.1080000000000002e-06	-0.00100781
1.1089999999999999e-06	-3.90625e-05
1.11e-06	0.00199219
1.111e-06	-0.00196875
1.1120000000000001e-06	-0.000109375
1.1129999999999998e-06	0.00102344
1.1140000000000003e-06	-0.002
1.115e-06	-0.00201563
1.116e-06	-0.00101563
1.117e-06	0.000945313
1.1180000000000001e-06	0.00096875
1.1190000000000002e-06	-0.00298438
1.1200000000000003e-06	-0.000945313
1.121e-06	0.001
1.122e-06	-0.00201563
1.123e-06	0.000984375
1.1240000000000002e-06	0.00201563
1.1250000000000002e-06	5.46875e-05
1.1259999999999999e-06	-7.03125e-05
1.127e-06	0.001
1.128e-06	-4.6875e-05
1.1290000000000001e-06	-0.001
1.1300000000000002e-06	5.46875e-05
1.1310000000000003e-06	-5.46875e-05
1.132e-06	-0.00199219
1.133e-06	0.00108594
1.134e-06	0.000867188
1.1350000000000001e-06	-0.002
1.1360000000000002e-06	0.00103125
1.1370000000000003e-06	-7.8125e-06
1.138e-06	0.00202344
1.139e-06	0.002
1.14e-06	-1.5625e-05
1.1410000000000002e-06	-0.001
1.1420000000000002e-06	7.8125e-06
1.143e-06	0.0
1.144e-06	-7.8125e-06
1.145e-06	-0.001
1.1460000000000001e-06	-0.001
1.1470000000000002e-06	-0.000992188
1.1480000000000003e-06	-0.00096875
1.149e-06	0.00199219
1.15e-06	-1.5625e-05
1.151e-06	-0.00102344
1.1520000000000002e-06	0.001
1.1530000000000002e-06	-0.001
1.1540000000000003e-06	0.00101563
1.155e-06	0.00402344
1.156e-06	-0.002
1.157e-06	0.00194531
1.1580000000000002e-06	0.00096875
1.1590000000000003e-06	-0.00100781
1.16e-06	3.90625e-05
1.161e-06	0.001
1.162e-06	0.00096875
1.1630000000000001e-06	0.0
1.1640000000000002e-06	7.8125e-06
1.1650000000000003e-06	-0.002
1.166e-06	3.125e-05
1.167e-06	-2.34375e-05
1.168e-06	-0.000984375
1.1690000000000002e-06	-7.8125e-06
1.1700000000000002e-06	-0.00201563
1.1709999999999999e-06	-0.001
1.172e-06	-0.00200781
1.173e-06	-0.001
1.1740000000000001e-06	-0.00096875
1.1750000000000002e-06	0.001
1.1760000000000003e-06	-0.00103125
1.177e-06	-0.00199219
1.178e-06	0.00102344
1.179e-06	0.00103906
1.1800000000000001e-06	-0.001
1.1810000000000002e-06	0.00201563
1.1820000000000003e-06	-0.00200781
1.1830000000000004e-06	0.00197656
1.184e-06	-3.125e-05
1.185e-06	-1.5625e-05
1.1860000000000002e-06	0.000992188
1.1870000000000002e-06	0.00103906
1.1879999999999999e-06	-0.00400781
1.189e-06	-3.90625e-05
1.19e-06	-0.00104688
1.1910000000000001e-06	-0.00208594
1.1920000000000002e-06	0.00192188
1.1930000000000003e-06	5.46875e-05
1.194e-06	-0.003
1.195e-06	-0.00203125
1.196e-06	7.8125e-06
1.1970000000000001e-06	0.00101563
1.1980000000000002e-06	0.0
1.1990000000000003e-06	0.002
1.2e-06	-0.00104688
1.201e-06	-0.001
1.202e-06	3.90625e-05
1.2030000000000002e-06	0.00299219
1.2040000000000002e-06	0.00101563
1.205e-06	6.25e-05
1.206e-06	-0.000992188
1.207e-06	0.00100781
1.2080000000000001e-06	0.00096875
1.2090000000000002e-06	0.0
1.2100000000000003e-06	-1.5625e-05
1.211e-06	-0.00203125
1.212e-06	-0.00195313
1.213e-06	3.90625e-05
1.2139999999999997e-06	0.000984375
1.2150000000000002e-06	0.0
1.2160000000000003e-06	0.00101563
1.217e-06	0.002
1.218e-06	7.8125e-06
1.219e-06	7.8125e-06
1.2200000000000002e-06	-0.001
1.2210000000000003e-06	0.000992188
1.222e-06	0.001
1.223e-06	7.8125e-06
1.224e-06	-0.002
1.2250000000000001e-06	0.00199219
1.2260000000000002e-06	-0.001
1.2270000000000003e-06	0.00199219
1.228e-06	-0.00202344
1.229e-06	-0.00100781
1.23e-06	-0.002
1.2310000000000002e-06	-0.000109375
1.2320000000000002e-06	0.00100781
1.2329999999999999e-06	-1.5625e-05
1.234e-06	0.00100781
1.235e-06	-0.00191406
1.2360000000000001e-06	-0.00300781
1.2370000000000002e-06	-0.00299219
1.2380000000000003e-06	-0.004
1.239e-06	-0.004
1.24e-06	-0.00401563
1.241e-06	-0.00796094
1.2420000000000001e-06	-0.017
1.2430000000000002e-06	-0.0189844
1.2440000000000003e-06	-0.0227031
1.245e-06	-0.029
1.246e-06	-0.0289766
1.247e-06	-0.031
1.2480000000000002e-06	-0.0339844
1.2490000000000002e-06	-0.027
1.2499999999999999e-06	-0.0260078
1.251e-06	-0.024
1.252e-06	-0.0209063
1.2530000000000001e-06	-0.0179844
1.2540000000000002e-06	-0.0160078
1.2550000000000003e-06	-0.0130234
1.256e-06	-0.00999219
1.257e-06	-0.0109922
1.258e-06	-0.0100078
1.2590000000000001e-06	-0.00992969
1.2600000000000002e-06	-0.0130078
1.2610000000000003e-06	-0.0100313
1.262e-06	-0.011
1.263e-06	-0.00901563
1.264e-06	-0.00900781
1.2650000000000002e-06	-0.00797656
1.2660000000000002e-06	-0.0100078
1.267e-06	-0.00701563
1.268e-06	-0.00800781
1.269e-06	-0.00508594
1.2700000000000001e-06	-0.00398438
1.2710000000000002e-06	-0.00501563
1.2720000000000003e-06	-0.004
1.273e-06	-0.00498438
1.274e-06	-0.00497656
1.275e-06	-0.002
1.2760000000000001e-06	-0.00400781
1.2770000000000002e-06	-0.003
1.2780000000000003e-06	-0.003
1.279e-06	-0.00301563
1.28e-06	-0.00396875
1.281e-06	-0.002
1.2820000000000002e-06	-0.00301563
1.2830000000000003e-06	-0.00207813
1.2840000000000003e-06	-0.000929688
1.285e-06	-0.00403125
1.286e-06	-0.00295313
1.2870000000000001e-06	-0.003
1.2880000000000002e-06	-0.00195313
1.2890000000000003e-06	-0.00102344
1.29e-06	-0.00300781
1.291e-06	-0.000953125
1.292e-06	-2.34375e-05
1.2930000000000002e-06	-0.00100781
1.2940000000000002e-06	-0.00100781
1.2949999999999999e-06	-0.00200781
1.296e-06	-0.000945313
1.297e-06	0.001
1.2980000000000001e-06	-0.001
1.2990000000000002e-06	0.00198438
1.3000000000000003e-06	-7.8125e-06
1.301e-06	0.000976563
1.302e-06	0.001
1.303e-06	0.001
1.3040000000000001e-06	0.0
1.3050000000000002e-06	0.0
1.3060000000000003e-06	7.8125e-06
1.307e-06	0.00200781
1.308e-06	-0.00201563
1.309e-06	-0.00102344
1.3100000000000002e-06	-0.00101563
1.3110000000000002e-06	0.0
1.3119999999999999e-06	-0.001
1.313e-06	7.8125e-06
1.314e-06	-0.00199219
1.3150000000000005e-06	-0.00203125
1.3160000000000002e-06	-0.001
1.3170000000000003e-06	-0.001
1.318e-06	1.5625e-05
1.319e-06	0.0
1.32e-06	-0.00199219
1.3210000000000001e-06	0.0
1.3220000000000002e-06	-0.003
1.3230000000000003e-06	0.00185156
1.324e-06	0.0020625
1.325e-06	0.000953125
1.326e-06	-0.00202344
1.3270000000000002e-06	-0.000992188
1.3280000000000002e-06	-0.0009375
1.329e-06	0.00201563
1.33e-06	-3.125e-05
1.331e-06	-1.5625e-05
1.3320000000000001e-06	-0.000960938
1.3330000000000002e-06	0.001
1.3340000000000003e-06	-0.000984375
1.335e-06	0.002
1.336e-06	-0.00102344
1.337e-06	0.0
1.3380000000000001e-06	-0.002
1.3390000000000002e-06	0.000992188
1.3400000000000003e-06	-3.90625e-05
1.341e-06	-0.001
1.342e-06	0.00101563
1.343e-06	1.5625e-05
1.3440000000000002e-06	-0.00100781
1.3450000000000003e-06	-0.00101563
1.346e-06	-7.8125e-06
1.347e-06	-0.00100781
1.348e-06	0.001
1.3490000000000001e-06	-0.000976563
1.3500000000000002e-06	-0.00102344
1.3510000000000003e-06	0.0
1.352e-06	-0.00100781
1.353e-06	-0.001
1.3539999999999997e-06	0.0
1.3550000000000002e-06	0.00201563
1.3560000000000002e-06	-0.00100781
1.3569999999999999e-06	0.001
1.358e-06	-0.00103906
1.359e-06	7.8125e-06
1.3600000000000001e-06	0.0
1.3610000000000002e-06	0.000992188
1.3620000000000003e-06	0.00100781
1.363e-06	-0.000984375
1.364e-06	2.34375e-05
1.365e-06	-1.5625e-05
1.3660000000000001e-06	-0.00101563
1.3670000000000002e-06	-0.001
1.3680000000000003e-06	-0.00100781
1.369e-06	-0.000992188
1.37e-06	0.0
1.371e-06	-0.001
1.3720000000000002e-06	-0.0010625
1.3730000000000002e-06	-0.00401563
1.3739999999999999e-06	-0.004
1.375e-06	-0.00701563
1.376e-06	-0.00798438
1.3770000000000001e-06	-0.0119375
1.3780000000000002e-06	-0.018
1.3790000000000003e-06	-0.0209531
1.38e-06	-0.0270078
1.381e-06	-0.0270078
1.382e-06	-0.0279922
1.3830000000000001e-06	-0.0250156
1.3840000000000002e-06	-0.0250156
1.3849999999999999e-06	-0.0209922
1.386e-06	-0.0229922
1.387e-06	-0.0180391
1.388e-06	-0.0150078
1.3890000000000002e-06	-0.0150469
1.3900000000000002e-06	-0.0130937
1.391e-06	-0.0119922
1.392e-06	-0.013
1.393e-06	-0.0120391
1.3940000000000001e-06	-0.00899219
1.3950000000000002e-06	-0.00997656
1.3960000000000003e-06	-0.009
1.397e-06	-0.00600781
1.398e-06	-0.00801563
1.399e-06	-0.006
1.4000000000000001e-06	-0.006
1.4010000000000002e-06	-0.00499219
1.4020000000000003e-06	-0.00601563
1.403e-06	-0.00386719
1.404e-06	-0.008
1.405e-06	-0.005
1.4060000000000002e-06	-0.00698437
1.4070000000000003e-06	-0.00195313
1.408e-06	-0.00305469
1.409e-06	-0.00604688
1.41e-06	-0.00592969
1.4110000000000001e-06	-0.00295313
1.4120000000000002e-06	-0.00201563
1.4130000000000003e-06	-0.00300781
1.414e-06	-0.00299219
1.415e-06	-0.002
1.416e-06	-0.003
1.4170000000000002e-06	-0.003
1.4180000000000002e-06	-0.004
1.4189999999999999e-06	-0.00400781
1.42e-06	-0.00203125
1.421e-06	0.001
1.4220000000000001e-06	-0.002
1.4230000000000002e-06	-0.002
1.4240000000000003e-06	-0.003
1.425e-06	-0.002
1.426e-06	-0.003
1.427e-06	-0.00101563
1.4280000000000001e-06	-0.001
1.4290000000000002e-06	-0.00196094
1.4300000000000003e-06	-0.00203125
1.431e-06	0.0
1.432e-06	-0.001
1.433e-06	2.34375e-05
1.4340000000000002e-06	-0.00200781
1.4350000000000002e-06	0.0
1.4359999999999999e-06	-0.00200781
1.437e-06	0.000992188
1.438e-06	-7.8125e-06
1.4390000000000001e-06	2.34375e-05
1.4400000000000002e-06	-0.004
1.4410000000000003e-06	-8.59375e-05
1.442e-06	-0.000953125
1.443e-06	-0.001
1.444e-06	-0.00299219
1.4450000000000001e-06	0.0
1.4460000000000002e-06	-0.00201563
1.4470000000000003e-06	-0.001
1.448e-06	-0.00100781
1.449e-06	-0.001
1.45e-06	-0.00102344
1.4510000000000002e-06	-0.00200781
1.4520000000000002e-06	-0.00303906
1.453e-06	-0.00603125
1.454e-06	0.00101563
1.4549999999999996e-06	-0.00096875
1.4560000000000001e-06	-7.8125e-06
1.4570000000000002e-06	0.00107031
1.4580000000000003e-06	-0.00396875
1.459e-06	-0.00207031
1.46e-06	0.0
1.461e-06	-0.00096875
1.4620000000000001e-06	-0.00202344
1.4630000000000002e-06	0.00096875
1.4640000000000003e-06	-0.00096875
1.465e-06	-0.00202344
1.466e-06	0.000984375
1.467e-06	0.00202344
1.4680000000000002e-06	3.125e-05
1.4690000000000003e-06	-0.00186719
1.47e-06	-0.003
1.471e-06	0.000992188
1.472e-06	-0.00102344
1.4730000000000001e-06	-7.8125e-06
1.4740000000000002e-06	7.8125e-06
1.4750000000000003e-06	0.002
1.476e-06	-0.00403125
1.477e-06	5.46875e-05
1.478e-06	-2.34375e-05
1.4790000000000002e-06	-2.34375e-05
1.4800000000000002e-06	-0.00402344
1.4809999999999999e-06	-0.00302344
1.482e-06	-0.00302344
1.483e-06	-0.00203125
1.4840000000000001e-06	-0.004
1.4850000000000002e-06	-0.00199219
1.4860000000000007e-06	-0.00405469
1.487e-06	-0.00398438
1.488e-06	-0.00299219
1.489e-06	-0.003
1.4900000000000001e-06	-0.00192969
1.4910000000000002e-06	-7.8125e-06
1.4920000000000003e-06	-0.00203125
1.493e-06	-0.002
1.494e-06	-0.00198438
1.495e-06	0.0
1.4960000000000002e-06	0.0
1.4970000000000002e-06	-0.00102344
1.4979999999999999e-06	0.000992188
1.499e-06	-0.00195313
1.5e-06	-0.00299219
1.5010000000000001e-06	-0.004
1.5020000000000002e-06	-0.00202344
1.5030000000000003e-06	7.8125e-06
1.504e-06	-0.000992188
1.505e-06	0.00297656
1.506e-06	0.000984375
1.5070000000000001e-06	-0.000984375
1.5080000000000002e-06	-0.00100781
1.5090000000000003e-06	-0.000992188
1.51e-06	-0.001
1.511e-06	0.000976563
1.512e-06	0.001
1.5130000000000002e-06	0.000984375
1.5140000000000002e-06	0.000992188
1.515e-06	-0.000984375
1.516e-06	-0.00096875
1.517e-06	0.001
1.5180000000000001e-06	-0.00103125
1.5190000000000002e-06	-0.00100781
1.5200000000000003e-06	0.000984375
1.521e-06	0.002
1.522e-06	0.00197656
1.523e-06	0.00196094
1.5240000000000001e-06	-2.34375e-05
1.5250000000000002e-06	-3.125e-05
1.5260000000000003e-06	-0.00196094
1.527e-06	0.00101563
1.528e-06	-0.00207813
1.529e-06	-0.00194531
1.5300000000000002e-06	5.46875e-05
1.5310000000000002e-06	-7.8125e-06
1.532e-06	-0.00200781
1.533e-06	3.90625e-05
1.534e-06	0.000976563
1.5350000000000001e-06	-0.002
1.5360000000000002e-06	-0.002
1.5370000000000003e-06	-0.00101563
1.538e-06	0.000992188
1.539e-06	-0.001
1.54e-06	2.34375e-05
1.5410000000000002e-06	1.5625e-05
1.5420000000000002e-06	-0.00301563
1.5429999999999999e-06	-0.00200781
1.544e-06	-0.00197656
1.545e-06	0.000992188
1.546e-06	-7.8125e-06
1.5470000000000002e-06	-0.001
1.5480000000000003e-06	-0.001
1.549e-06	-0.00100781
1.55e-06	0.001
1.551e-06	-0.000984375
1.5520000000000001e-06	-0.002
1.5530000000000002e-06	-7.8125e-06
1.5540000000000003e-06	-0.00100781
1.555e-06	0.0
1.5560000000000004e-06	-0.00100781
1.557e-06	0.0
1.5580000000000002e-06	3.125e-05
1.5590000000000002e-06	0.00100781
1.5599999999999999e-06	-0.002
1.561e-06	0.0009375
1.562e-06	-7.8125e-06
1.5630000000000001e-06	0.001
1.5640000000000002e-06	-7.8125e-06
1.5650000000000003e-06	0.001
1.566e-06	-1.5625e-05
1.567e-06	-7.8125e-06
1.568e-06	-0.00100781
1.5690000000000001e-06	3.125e-05
1.5700000000000002e-06	0.0019375
1.5710000000000003e-06	-0.00301563
1.572e-06	-0.00197656
1.573e-06	7.8125e-06
1.574e-06	0.00100781
1.5750000000000002e-06	0.00103125
1.5760000000000002e-06	-0.002
1.5769999999999999e-06	-0.00102344
1.578e-06	-0.00101563
1.579e-06	-0.00102344
1.5800000000000001e-06	0.002
1.5810000000000002e-06	3.125e-05
1.5820000000000003e-06	-7.8125e-06
1.583e-06	0.00100781
1.584e-06	-0.00203125
1.585e-06	-0.00102344
1.5860000000000001e-06	-0.00102344
1.5870000000000006e-06	-0.00202344
1.5880000000000003e-06	-7.8125e-05
1.589e-06	3.125e-05
1.59e-06	-0.002
1.591e-06	-2.34375e-05
1.5920000000000002e-06	0.0
1.5930000000000002e-06	0.001
1.594e-06	0.0
1.5949999999999996e-06	0.00100781
1.596e-06	-0.00198438
1.5970000000000001e-06	0.002
1.5980000000000002e-06	-0.00102344
1.5990000000000003e-06	0.000976563
1.6e-06	0.00101563
1.601e-06	-3.125e-05
1.602e-06	0.00100781
1.6030000000000002e-06	-7.8125e-06
1.6040000000000002e-06	1.5625e-05
1.6049999999999999e-06	0.000992188
1.606e-06	-0.00103125
1.607e-06	-0.00200781
1.608e-06	-0.00197656
1.6090000000000002e-06	-0.001
1.6100000000000003e-06	-0.00203125
1.611e-06	-0.00199219
1.612e-06	0.00100781
1.613e-06	0.0
1.6140000000000001e-06	-0.00100781
1.6150000000000002e-06	0.00096875
1.6160000000000003e-06	0.002
1.617e-06	0.00100781
1.618e-06	-0.00101563
1.619e-06	0.001
1.6200000000000002e-06	-0.002
1.6210000000000002e-06	-1.5625e-05
1.6219999999999999e-06	-0.001
1.623e-06	-2.34375e-05
1.624e-06	0.002
1.6250000000000001e-06	2.34375e-05
1.6259999999999998e-06	-0.001
1.6270000000000003e-06	7.8125e-06
1.628e-06	-0.001
1.629e-06	0.0
1.63e-06	-0.00100781
1.6310000000000001e-06	1.5625e-05
1.6320000000000002e-06	-0.00199219
1.6330000000000003e-06	-0.00100781
1.634e-06	-0.002
1.635e-06	-0.002
1.636e-06	-0.00300781
1.6370000000000002e-06	-0.00397656
1.6380000000000002e-06	-0.011
1.6389999999999999e-06	-0.0119453
1.64e-06	-0.0158828
1.641e-06	-0.016
1.6420000000000001e-06	-0.0180156
1.6430000000000002e-06	-0.02
1.6440000000000003e-06	-0.02
1.645e-06	-0.019
1.646e-06	-0.0169531
1.647e-06	-0.014
1.6480000000000001e-06	-0.0129688
1.6490000000000002e-06	-0.0119922
1.6500000000000003e-06	-0.0109922
1.651e-06	-0.009
1.652e-06	-0.01
1.653e-06	-0.00901563
1.6540000000000002e-06	-0.00601563
1.6550000000000002e-06	-0.00499219
1.656e-06	-0.00599219
1.657e-06	-0.006
1.658e-06	-0.006
1.6590000000000001e-06	-0.00501563
1.6600000000000002e-06	-0.00499219
1.6610000000000003e-06	-0.00601563
1.662e-06	-0.005
1.663e-06	-0.00500781
1.664e-06	-0.00301563
1.6650000000000002e-06	-0.00200781
1.6660000000000002e-06	-0.00199219
1.6669999999999999e-06	-0.002875
1.668e-06	-0.004
1.669e-06	-1.5625e-05
1.67e-06	-0.00203125
1.6710000000000002e-06	-0.00201563
1.6720000000000003e-06	-0.001
1.673e-06	-0.001
1.674e-06	-0.003
1.675e-06	-0.000992188
1.6760000000000001e-06	-0.00199219
1.6770000000000002e-06	7.8125e-06
1.6780000000000003e-06	-0.00103125
1.679e-06	-0.002
1.68e-06	-0.00107031
1.681e-06	-3.90625e-05
1.6820000000000002e-06	-0.00199219
1.6830000000000002e-06	7.8125e-06
1.6839999999999999e-06	-0.000992188
1.685e-06	0.000992188
1.686e-06	-0.00207031
1.6870000000000001e-06	-0.00196875
1.6880000000000002e-06	2.34375e-05
1.6890000000000003e-06	-7.8125e-06
1.69e-06	-7.8125e-06
1.691e-06	-0.00100781
1.692e-06	4.6875e-05
1.6930000000000001e-06	0.002
1.6940000000000002e-06	0.0
1.6950000000000003e-06	0.001
1.6959999999999995e-06	-0.00100781
1.697e-06	0.0
1.698e-06	-0.00199219
1.6990000000000002e-06	-0.00303906
1.7000000000000002e-06	0.00198438
1.7009999999999999e-06	-0.000929688
1.702e-06	-0.002
1.703e-06	-0.00101563
1.7040000000000001e-06	-0.00100781
1.7050000000000002e-06	-0.002
1.7060000000000003e-06	-0.00104688
1.707e-06	-1.5625e-05
1.708e-06	0.0
1.709e-06	-0.00199219
1.7100000000000001e-06	-0.001
1.7110000000000002e-06	-0.00202344
1.7120000000000003e-06	0.00100781
1.713e-06	-0.00096875
1.714e-06	-0.00198438
1.715e-06	0.0
1.7160000000000002e-06	-0.000992188
1.7170000000000002e-06	0.001
1.718e-06	-0.00100781
1.719e-06	0.00197656
1.72e-06	-0.000890625
1.7210000000000001e-06	-0.00100781
1.7220000000000002e-06	-0.00196875
1.7230000000000003e-06	0.00102344
1.724e-06	-5.46875e-05
1.725e-06	1.5625e-05
1.726e-06	-1.5625e-05
1.7270000000000006e-06	-0.00103906
1.7280000000000002e-06	-0.000929688
1.7290000000000003e-06	0.001
1.73e-06	-0.00103125
1.731e-06	1.5625e-05
1.732e-06	-1.5625e-05
1.7330000000000002e-06	-0.001
1.7340000000000003e-06	-0.000984375
1.735e-06	0.00299219
1.736e-06	-1.5625e-05
1.737e-06	0.002
1.7380000000000001e-06	-3.125e-05
1.7390000000000002e-06	-0.00100781
1.7400000000000003e-06	-0.00100781
1.741e-06	-0.00101563
1.742e-06	0.00203906
1.743e-06	0.00201563
1.7440000000000002e-06	-0.00201563
1.7450000000000002e-06	-0.00202344
1.7459999999999999e-06	-0.00100781
1.747e-06	-0.00100781
1.748e-06	0.001
1.7490000000000001e-06	-0.000992188
1.7500000000000002e-06	0.0
1.7510000000000003e-06	0.00101563
1.752e-06	-0.001
1.753e-06	0.001
1.754e-06	7.8125e-06
1.7550000000000001e-06	0.002
1.7560000000000002e-06	-5.46875e-05
1.7570000000000003e-06	0.0
1.758e-06	0.0
1.759e-06	-1.5625e-05
1.76e-06	0.00103125
1.7610000000000002e-06	0.00198438
1.7620000000000002e-06	-3.125e-05
1.7629999999999999e-06	-1.5625e-05
1.764e-06	-0.00200781
1.765e-06	-0.00100781
1.7660000000000001e-06	-0.00303125
1.7670000000000002e-06	-0.00197656
1.7680000000000003e-06	0.00101563
1.769e-06	0.0
1.77e-06	0.001
1.771e-06	-7.8125e-06
1.7720000000000001e-06	7.8125e-06
1.7730000000000002e-06	7.8125e-06
1.7740000000000003e-06	-0.001
1.775e-06	-0.001
1.776e-06	-0.001
1.777e-06	-7.8125e-06
1.7780000000000002e-06	-1.5625e-05
1.7790000000000002e-06	-3.125e-05
1.78e-06	0.00299219
1.781e-06	0.00102344
1.782e-06	-0.00103125
1.7830000000000001e-06	-0.00200781
1.7840000000000002e-06	-0.001
1.7850000000000003e-06	-0.00101563
1.786e-06	0.000875
1.787e-06	0.00204688
1.788e-06	-0.003
1.7890000000000002e-06	-0.00103125
1.7900000000000002e-06	-0.00200781
1.7910000000000003e-06	-0.00199219
1.792e-06	-0.002
1.793e-06	0.00199219
1.794e-06	-0.00109375
1.7950000000000002e-06	-0.003
1.7960000000000003e-06	0.00105469
1.7970000000000003e-06	0.00203125
1.798e-06	-0.00100781
1.799e-06	0.00199219
1.8000000000000001e-06	-0.00105469
1.8010000000000002e-06	-0.00100781
1.8020000000000003e-06	-0.00196875
1.803e-06	0.00201563
1.804e-06	-1.5625e-05
1.805e-06	-6.25e-05
1.8060000000000002e-06	-0.00396094
1.8070000000000002e-06	0.00101563
1.8079999999999999e-06	-0.00303125
1.809e-06	7.8125e-06
1.81e-06	-0.00101563
1.8110000000000001e-06	0.0
1.8120000000000002e-06	-7.8125e-06
1.8130000000000003e-06	0.00100781
1.814e-06	-0.001
1.815e-06	-0.001
1.8160000000000005e-06	-0.00203906
1.8170000000000001e-06	0.003
1.8179999999999998e-06	-0.002
1.8190000000000003e-06	0.001
1.82e-06	-0.003
1.8210000000000004e-06	0.00096875
1.822e-06	0.000992188
1.8229999999999997e-06	0.00101563
1.8240000000000002e-06	-0.002
1.8249999999999999e-06	-0.00105469
1.8260000000000004e-06	-0.000992188
1.827e-06	-0.001
1.8279999999999997e-06	-3.125e-05
1.8290000000000002e-06	0.00107813
1.8299999999999998e-06	-0.00299219
1.8310000000000003e-06	-3.125e-05
1.832e-06	-0.00100781
1.8330000000000005e-06	0.00199219
1.8340000000000001e-06	-7.8125e-06
1.8349999999999998e-06	0.0
1.8360000000000003e-06	-0.001
1.837e-06	-5.46875e-05
1.8380000000000004e-06	0.001
1.839e-06	0.0
1.8399999999999997e-06	3.90625e-05
1.8410000000000002e-06	0.003
1.842e-06	-0.00404688
1.8430000000000004e-06	-0.003
1.844e-06	-0.000984375
1.8449999999999997e-06	-0.001
1.8460000000000002e-06	1.5625e-05
1.8469999999999998e-06	0.0
1.8480000000000003e-06	0.000992188
1.849e-06	7.8125e-06
1.8500000000000005e-06	0.00100781
1.8510000000000002e-06	0.00201563
1.8519999999999998e-06	-0.001
1.8530000000000003e-06	0.00102344
1.854e-06	-0.00200781
1.8550000000000005e-06	0.000992188
1.856e-06	-0.00200781
1.8569999999999998e-06	-3.125e-05
1.8580000000000003e-06	7.8125e-06
1.859e-06	-1.5625e-05
1.8600000000000004e-06	7.8125e-06
1.861e-06	-0.001
1.8619999999999997e-06	-7.8125e-06
1.8630000000000002e-06	0.000976563
1.8639999999999999e-06	0.00102344
1.8650000000000004e-06	-0.00096875
1.866e-06	0.0
1.8670000000000005e-06	0.000984375
1.8680000000000002e-06	0.002
1.8689999999999998e-06	2.34375e-05
1.8700000000000003e-06	-0.002
1.871e-06	0.0
1.8720000000000005e-06	7.8125e-06
1.8730000000000001e-06	0.000984375
1.8739999999999998e-06	-0.00100781
1.8750000000000003e-06	0.00101563
1.876e-06	-2.34375e-05
1.8770000000000004e-06	-0.000953125
1.878e-06	-0.00204688
1.8789999999999997e-06	7.8125e-06
1.8800000000000002e-06	-0.00100781
1.8809999999999999e-06	0.00103125
1.8820000000000004e-06	0.000953125
1.883e-06	-0.00100781
1.8840000000000005e-06	3.125e-05
1.8850000000000002e-06	-1.5625e-05
1.8859999999999998e-06	5.46875e-05
1.8870000000000003e-06	0.00199219
1.888e-06	0.0
1.8890000000000005e-06	0.000984375
1.8900000000000001e-06	-0.00201563
1.8909999999999998e-06	0.001
1.8920000000000003e-06	0.001
1.893e-06	0.0
1.8940000000000004e-06	-7.8125e-06
1.895e-06	-0.00100781
1.8959999999999997e-06	0.0
1.8970000000000002e-06	-0.000976563
1.8979999999999999e-06	-0.00300781
1.8990000000000004e-06	-6.25e-05
1.9e-06	0.001
1.9009999999999997e-06	-1.5625e-05
1.9020000000000002e-06	0.003
1.9029999999999998e-06	8.59375e-05
1.9040000000000003e-06	-0.00207813
1.905e-06	0.00196875
1.9060000000000005e-06	0.001
1.9070000000000001e-06	0.00103906
1.9079999999999998e-06	-0.002
1.9090000000000003e-06	-4.6875e-05
1.91e-06	-1.5625e-05
1.9110000000000004e-06	-7.8125e-06
1.912e-06	0.001
1.9129999999999997e-06	0.0
1.9140000000000002e-06	0.0
1.915e-06	-0.000992188
1.9160000000000004e-06	-0.00201563
1.917e-06	1.5625e-05
1.9179999999999997e-06	-0.00108594
1.919e-06	0.00200781
1.92e-06	-0.00107031
1.9210000000000003e-06	4.6875e-05
1.922e-06	0.000914063
1.9230000000000005e-06	-0.00201563
1.924e-06	3.125e-05
1.9249999999999998e-06	-0.00104688
1.9260000000000003e-06	-0.00205469
1.927e-06	-0.00299219
1.9280000000000004e-06	7.03125e-05
1.929e-06	-4.6875e-05
1.9299999999999997e-06	-0.003
1.9310000000000002e-06	0.0
1.932e-06	-0.001
1.9329999999999995e-06	0.0
1.934e-06	-0.00100781
1.9349999999999997e-06	0.0
1.936e-06	0.00103125
1.937e-06	0.00300781
1.9380000000000003e-06	-0.00103906
1.939e-06	-0.00100781
1.9400000000000005e-06	-0.000976563
1.941e-06	0.00199219
1.9419999999999998e-06	0.000992188
1.9430000000000003e-06	-7.8125e-06
1.944e-06	0.000976563
1.9450000000000004e-06	0.001
1.946e-06	0.0
1.9469999999999997e-06	0.001
1.9480000000000002e-06	-0.001
1.949e-06	0.000984375
1.9500000000000004e-06	-0.00102344
1.951e-06	-0.002
1.9519999999999997e-06	-0.00105469
1.953e-06	-0.00400781
1.954e-06	-0.00299219
1.9550000000000003e-06	-0.00497656
1.956e-06	-0.00898438
1.9570000000000005e-06	-0.00897656
1.958e-06	-0.0110312
1.959e-06	-0.0109844
1.9600000000000003e-06	-0.00999219
1.961e-06	-0.0110469
1.9620000000000004e-06	-0.0140078
1.963e-06	-0.0119922
1.9639999999999997e-06	-0.0129922
1.9650000000000002e-06	-0.0109922
1.966e-06	-0.0120313
1.9670000000000004e-06	-0.012
1.968e-06	-0.0110078
1.9689999999999997e-06	-0.00998438
1.97e-06	-0.006
1.971e-06	-0.00699219
1.9720000000000003e-06	-0.005
1.973e-06	-0.00396094
1.9740000000000005e-06	-0.00801563
1.975e-06	-0.00503906
1.976e-06	-0.003
1.9770000000000003e-06	-0.00296875
1.978e-06	-0.005
1.9790000000000004e-06	-0.00299219
1.98e-06	-0.006
1.9809999999999998e-06	-0.00301563
1.9820000000000003e-06	-0.00503906
1.983e-06	-0.00413281
1.9840000000000004e-06	-8.59375e-05
1.985e-06	-0.00192188
1.9859999999999997e-06	-0.006
1.987e-06	-0.00103125
1.988e-06	-0.003
1.9890000000000004e-06	-0.00100781
1.99e-06	-0.003
1.9910000000000005e-06	-0.00200781
1.992e-06	-0.00101563
1.993e-06	-0.002
1.9940000000000003e-06	3.125e-05
1.995e-06	0.001
1.9960000000000005e-06	7.8125e-06
1.997e-06	-0.000953125
1.9979999999999998e-06	-0.00096875
1.9990000000000003e-06	-7.8125e-06
